<?xml version="1.0" encoding="utf-8" standalone="no"?>
<!DOCTYPE svg PUBLIC "-//W3C//DTD SVG 1.1//EN"
  "http://www.w3.org/Graphics/SVG/1.1/DTD/svg11.dtd">
<!-- Created with matplotlib (https://matplotlib.org/) -->
<svg height="288pt" version="1.1" viewBox="0 0 720 288" width="720pt" xmlns="http://www.w3.org/2000/svg" xmlns:xlink="http://www.w3.org/1999/xlink">
 <defs>
  <style type="text/css">
*{stroke-linecap:butt;stroke-linejoin:round;}
  </style>
 </defs>
 <g id="figure_1">
  <g id="patch_1">
   <path d="M 0 288 
L 720 288 
L 720 0 
L 0 0 
z
" style="fill:#ffffff;"/>
  </g>
  <g id="axes_1">
   <g id="patch_2">
    <path d="M 130.802317 82.914235 
C 130.802317 75.759683 129.393026 68.674699 126.655097 62.064755 
C 123.917169 55.45481 119.903848 49.448452 114.844816 44.389419 
C 109.785783 39.330387 103.779424 35.317066 97.16948 32.579138 
C 90.559536 29.841209 83.474552 28.431918 76.32 28.431918 
C 69.165448 28.431918 62.080464 29.841209 55.47052 32.579138 
C 48.860576 35.317066 42.854217 39.330387 37.795184 44.389419 
C 32.736152 49.448452 28.722831 55.45481 25.984903 62.064755 
C 23.246974 68.674699 21.837683 75.759683 21.837683 82.914235 
C 21.837683 90.068787 23.246974 97.15377 25.984903 103.763715 
C 28.722831 110.373659 32.736152 116.380018 37.795184 121.439051 
C 42.854217 126.498083 48.860576 130.511404 55.47052 133.249332 
C 62.080464 135.987261 69.165448 137.396552 76.32 137.396552 
C 83.474552 137.396552 90.559536 135.987261 97.16948 133.249332 
C 103.779424 130.511404 109.785783 126.498083 114.844816 121.439051 
C 119.903848 116.380018 123.917169 110.373659 126.655097 103.763715 
C 129.393026 97.15377 130.802317 90.068787 130.802317 82.914235 
M 76.32 82.914235 
C 76.32 82.914235 76.32 82.914235 76.32 82.914235 
C 76.32 82.914235 76.32 82.914235 76.32 82.914235 
C 76.32 82.914235 76.32 82.914235 76.32 82.914235 
C 76.32 82.914235 76.32 82.914235 76.32 82.914235 
C 76.32 82.914235 76.32 82.914235 76.32 82.914235 
C 76.32 82.914235 76.32 82.914235 76.32 82.914235 
C 76.32 82.914235 76.32 82.914235 76.32 82.914235 
C 76.32 82.914235 76.32 82.914235 76.32 82.914235 
C 76.32 82.914235 76.32 82.914235 76.32 82.914235 
C 76.32 82.914235 76.32 82.914235 76.32 82.914235 
C 76.32 82.914235 76.32 82.914235 76.32 82.914235 
C 76.32 82.914235 76.32 82.914235 76.32 82.914235 
C 76.32 82.914235 76.32 82.914235 76.32 82.914235 
C 76.32 82.914235 76.32 82.914235 76.32 82.914235 
C 76.32 82.914235 76.32 82.914235 76.32 82.914235 
C 76.32 82.914235 76.32 82.914235 76.32 82.914235 
M 130.802317 82.914235 
z
" style="fill:#ffffff;"/>
   </g>
   <g id="matplotlib.axis_1">
    <g id="xtick_1">
     <g id="line2d_1">
      <path clip-path="url(#pe2d6eeb895)" d="M 76.32 82.914235 
L 76.32 28.431918 
" style="fill:none;stroke:#b0b0b0;stroke-linecap:square;stroke-width:0.8;"/>
     </g>
    </g>
    <g id="xtick_2">
     <g id="line2d_2">
      <path clip-path="url(#pe2d6eeb895)" d="M 76.32 82.914235 
L 114.844816 44.389419 
" style="fill:none;stroke:#b0b0b0;stroke-linecap:square;stroke-width:0.8;"/>
     </g>
    </g>
    <g id="xtick_3">
     <g id="line2d_3">
      <path clip-path="url(#pe2d6eeb895)" d="M 76.32 82.914235 
L 130.802317 82.914235 
" style="fill:none;stroke:#b0b0b0;stroke-linecap:square;stroke-width:0.8;"/>
     </g>
    </g>
    <g id="xtick_4">
     <g id="line2d_4">
      <path clip-path="url(#pe2d6eeb895)" d="M 76.32 82.914235 
L 114.844816 121.439051 
" style="fill:none;stroke:#b0b0b0;stroke-linecap:square;stroke-width:0.8;"/>
     </g>
    </g>
    <g id="xtick_5">
     <g id="line2d_5">
      <path clip-path="url(#pe2d6eeb895)" d="M 76.32 82.914235 
L 76.32 137.396552 
" style="fill:none;stroke:#b0b0b0;stroke-linecap:square;stroke-width:0.8;"/>
     </g>
    </g>
    <g id="xtick_6">
     <g id="line2d_6">
      <path clip-path="url(#pe2d6eeb895)" d="M 76.32 82.914235 
L 37.795184 121.439051 
" style="fill:none;stroke:#b0b0b0;stroke-linecap:square;stroke-width:0.8;"/>
     </g>
    </g>
    <g id="xtick_7">
     <g id="line2d_7">
      <path clip-path="url(#pe2d6eeb895)" d="M 76.32 82.914235 
L 21.837683 82.914235 
" style="fill:none;stroke:#b0b0b0;stroke-linecap:square;stroke-width:0.8;"/>
     </g>
    </g>
    <g id="xtick_8">
     <g id="line2d_8">
      <path clip-path="url(#pe2d6eeb895)" d="M 76.32 82.914235 
L 37.795184 44.389419 
" style="fill:none;stroke:#b0b0b0;stroke-linecap:square;stroke-width:0.8;"/>
     </g>
    </g>
   </g>
   <g id="matplotlib.axis_2"/>
   <g id="line2d_9">
    <defs>
     <path d="M 0 1.5 
C 0.397805 1.5 0.77937 1.341951 1.06066 1.06066 
C 1.341951 0.77937 1.5 0.397805 1.5 0 
C 1.5 -0.397805 1.341951 -0.77937 1.06066 -1.06066 
C 0.77937 -1.341951 0.397805 -1.5 0 -1.5 
C -0.397805 -1.5 -0.77937 -1.341951 -1.06066 -1.06066 
C -1.341951 -0.77937 -1.5 -0.397805 -1.5 0 
C -1.5 0.397805 -1.341951 0.77937 -1.06066 1.06066 
C -0.77937 1.341951 -0.397805 1.5 0 1.5 
z
" id="md572dc1995" style="stroke:#000000;"/>
    </defs>
    <g clip-path="url(#pe2d6eeb895)">
     <use style="stroke:#000000;" x="83.75043" xlink:href="#md572dc1995" y="78.150899"/>
    </g>
   </g>
   <g id="patch_3">
    <path d="M 76.32 28.431918 
C 69.165448 28.431918 62.080464 29.841209 55.47052 32.579138 
C 48.860576 35.317066 42.854217 39.330387 37.795184 44.389419 
C 32.736152 49.448452 28.722831 55.45481 25.984903 62.064755 
C 23.246974 68.674699 21.837683 75.759683 21.837683 82.914235 
C 21.837683 90.068787 23.246974 97.15377 25.984903 103.763715 
C 28.722831 110.373659 32.736152 116.380018 37.795184 121.439051 
C 42.854217 126.498083 48.860576 130.511404 55.47052 133.249332 
C 62.080464 135.987261 69.165448 137.396552 76.32 137.396552 
C 83.474552 137.396552 90.559536 135.987261 97.16948 133.249332 
C 103.779424 130.511404 109.785783 126.498083 114.844816 121.439051 
C 119.903848 116.380018 123.917169 110.373659 126.655097 103.763715 
C 129.393026 97.15377 130.802317 90.068787 130.802317 82.914235 
C 130.802317 75.759683 129.393026 68.674699 126.655097 62.064755 
C 123.917169 55.45481 119.903848 49.448452 114.844816 44.389419 
C 109.785783 39.330387 103.779424 35.317066 97.16948 32.579138 
C 90.559536 29.841209 83.474552 28.431918 76.32 28.431918 
" style="fill:none;stroke:#000000;stroke-linecap:square;stroke-linejoin:miter;stroke-width:0.8;"/>
   </g>
   <g id="text_1">
    <!-- 160m Band -->
    <defs>
     <path d="M 12.40625 8.296875 
L 28.515625 8.296875 
L 28.515625 63.921875 
L 10.984375 60.40625 
L 10.984375 69.390625 
L 28.421875 72.90625 
L 38.28125 72.90625 
L 38.28125 8.296875 
L 54.390625 8.296875 
L 54.390625 0 
L 12.40625 0 
z
" id="DejaVuSans-49"/>
     <path d="M 33.015625 40.375 
Q 26.375 40.375 22.484375 35.828125 
Q 18.609375 31.296875 18.609375 23.390625 
Q 18.609375 15.53125 22.484375 10.953125 
Q 26.375 6.390625 33.015625 6.390625 
Q 39.65625 6.390625 43.53125 10.953125 
Q 47.40625 15.53125 47.40625 23.390625 
Q 47.40625 31.296875 43.53125 35.828125 
Q 39.65625 40.375 33.015625 40.375 
z
M 52.59375 71.296875 
L 52.59375 62.3125 
Q 48.875 64.0625 45.09375 64.984375 
Q 41.3125 65.921875 37.59375 65.921875 
Q 27.828125 65.921875 22.671875 59.328125 
Q 17.53125 52.734375 16.796875 39.40625 
Q 19.671875 43.65625 24.015625 45.921875 
Q 28.375 48.1875 33.59375 48.1875 
Q 44.578125 48.1875 50.953125 41.515625 
Q 57.328125 34.859375 57.328125 23.390625 
Q 57.328125 12.15625 50.6875 5.359375 
Q 44.046875 -1.421875 33.015625 -1.421875 
Q 20.359375 -1.421875 13.671875 8.265625 
Q 6.984375 17.96875 6.984375 36.375 
Q 6.984375 53.65625 15.1875 63.9375 
Q 23.390625 74.21875 37.203125 74.21875 
Q 40.921875 74.21875 44.703125 73.484375 
Q 48.484375 72.75 52.59375 71.296875 
z
" id="DejaVuSans-54"/>
     <path d="M 31.78125 66.40625 
Q 24.171875 66.40625 20.328125 58.90625 
Q 16.5 51.421875 16.5 36.375 
Q 16.5 21.390625 20.328125 13.890625 
Q 24.171875 6.390625 31.78125 6.390625 
Q 39.453125 6.390625 43.28125 13.890625 
Q 47.125 21.390625 47.125 36.375 
Q 47.125 51.421875 43.28125 58.90625 
Q 39.453125 66.40625 31.78125 66.40625 
z
M 31.78125 74.21875 
Q 44.046875 74.21875 50.515625 64.515625 
Q 56.984375 54.828125 56.984375 36.375 
Q 56.984375 17.96875 50.515625 8.265625 
Q 44.046875 -1.421875 31.78125 -1.421875 
Q 19.53125 -1.421875 13.0625 8.265625 
Q 6.59375 17.96875 6.59375 36.375 
Q 6.59375 54.828125 13.0625 64.515625 
Q 19.53125 74.21875 31.78125 74.21875 
z
" id="DejaVuSans-48"/>
     <path d="M 52 44.1875 
Q 55.375 50.25 60.0625 53.125 
Q 64.75 56 71.09375 56 
Q 79.640625 56 84.28125 50.015625 
Q 88.921875 44.046875 88.921875 33.015625 
L 88.921875 0 
L 79.890625 0 
L 79.890625 32.71875 
Q 79.890625 40.578125 77.09375 44.375 
Q 74.3125 48.1875 68.609375 48.1875 
Q 61.625 48.1875 57.5625 43.546875 
Q 53.515625 38.921875 53.515625 30.90625 
L 53.515625 0 
L 44.484375 0 
L 44.484375 32.71875 
Q 44.484375 40.625 41.703125 44.40625 
Q 38.921875 48.1875 33.109375 48.1875 
Q 26.21875 48.1875 22.15625 43.53125 
Q 18.109375 38.875 18.109375 30.90625 
L 18.109375 0 
L 9.078125 0 
L 9.078125 54.6875 
L 18.109375 54.6875 
L 18.109375 46.1875 
Q 21.1875 51.21875 25.484375 53.609375 
Q 29.78125 56 35.6875 56 
Q 41.65625 56 45.828125 52.96875 
Q 50 49.953125 52 44.1875 
z
" id="DejaVuSans-109"/>
     <path id="DejaVuSans-32"/>
     <path d="M 19.671875 34.8125 
L 19.671875 8.109375 
L 35.5 8.109375 
Q 43.453125 8.109375 47.28125 11.40625 
Q 51.125 14.703125 51.125 21.484375 
Q 51.125 28.328125 47.28125 31.5625 
Q 43.453125 34.8125 35.5 34.8125 
z
M 19.671875 64.796875 
L 19.671875 42.828125 
L 34.28125 42.828125 
Q 41.5 42.828125 45.03125 45.53125 
Q 48.578125 48.25 48.578125 53.8125 
Q 48.578125 59.328125 45.03125 62.0625 
Q 41.5 64.796875 34.28125 64.796875 
z
M 9.8125 72.90625 
L 35.015625 72.90625 
Q 46.296875 72.90625 52.390625 68.21875 
Q 58.5 63.53125 58.5 54.890625 
Q 58.5 48.1875 55.375 44.234375 
Q 52.25 40.28125 46.1875 39.3125 
Q 53.46875 37.75 57.5 32.78125 
Q 61.53125 27.828125 61.53125 20.40625 
Q 61.53125 10.640625 54.890625 5.3125 
Q 48.25 0 35.984375 0 
L 9.8125 0 
z
" id="DejaVuSans-66"/>
     <path d="M 34.28125 27.484375 
Q 23.390625 27.484375 19.1875 25 
Q 14.984375 22.515625 14.984375 16.5 
Q 14.984375 11.71875 18.140625 8.90625 
Q 21.296875 6.109375 26.703125 6.109375 
Q 34.1875 6.109375 38.703125 11.40625 
Q 43.21875 16.703125 43.21875 25.484375 
L 43.21875 27.484375 
z
M 52.203125 31.203125 
L 52.203125 0 
L 43.21875 0 
L 43.21875 8.296875 
Q 40.140625 3.328125 35.546875 0.953125 
Q 30.953125 -1.421875 24.3125 -1.421875 
Q 15.921875 -1.421875 10.953125 3.296875 
Q 6 8.015625 6 15.921875 
Q 6 25.140625 12.171875 29.828125 
Q 18.359375 34.515625 30.609375 34.515625 
L 43.21875 34.515625 
L 43.21875 35.40625 
Q 43.21875 41.609375 39.140625 45 
Q 35.0625 48.390625 27.6875 48.390625 
Q 23 48.390625 18.546875 47.265625 
Q 14.109375 46.140625 10.015625 43.890625 
L 10.015625 52.203125 
Q 14.9375 54.109375 19.578125 55.046875 
Q 24.21875 56 28.609375 56 
Q 40.484375 56 46.34375 49.84375 
Q 52.203125 43.703125 52.203125 31.203125 
z
" id="DejaVuSans-97"/>
     <path d="M 54.890625 33.015625 
L 54.890625 0 
L 45.90625 0 
L 45.90625 32.71875 
Q 45.90625 40.484375 42.875 44.328125 
Q 39.84375 48.1875 33.796875 48.1875 
Q 26.515625 48.1875 22.3125 43.546875 
Q 18.109375 38.921875 18.109375 30.90625 
L 18.109375 0 
L 9.078125 0 
L 9.078125 54.6875 
L 18.109375 54.6875 
L 18.109375 46.1875 
Q 21.34375 51.125 25.703125 53.5625 
Q 30.078125 56 35.796875 56 
Q 45.21875 56 50.046875 50.171875 
Q 54.890625 44.34375 54.890625 33.015625 
z
" id="DejaVuSans-110"/>
     <path d="M 45.40625 46.390625 
L 45.40625 75.984375 
L 54.390625 75.984375 
L 54.390625 0 
L 45.40625 0 
L 45.40625 8.203125 
Q 42.578125 3.328125 38.25 0.953125 
Q 33.9375 -1.421875 27.875 -1.421875 
Q 17.96875 -1.421875 11.734375 6.484375 
Q 5.515625 14.40625 5.515625 27.296875 
Q 5.515625 40.1875 11.734375 48.09375 
Q 17.96875 56 27.875 56 
Q 33.9375 56 38.25 53.625 
Q 42.578125 51.265625 45.40625 46.390625 
z
M 14.796875 27.296875 
Q 14.796875 17.390625 18.875 11.75 
Q 22.953125 6.109375 30.078125 6.109375 
Q 37.203125 6.109375 41.296875 11.75 
Q 45.40625 17.390625 45.40625 27.296875 
Q 45.40625 37.203125 41.296875 42.84375 
Q 37.203125 48.484375 30.078125 48.484375 
Q 22.953125 48.484375 18.875 42.84375 
Q 14.796875 37.203125 14.796875 27.296875 
z
" id="DejaVuSans-100"/>
    </defs>
    <g transform="translate(41.71125 16.983686)scale(0.12 -0.12)">
     <use xlink:href="#DejaVuSans-49"/>
     <use x="63.623047" xlink:href="#DejaVuSans-54"/>
     <use x="127.246094" xlink:href="#DejaVuSans-48"/>
     <use x="190.869141" xlink:href="#DejaVuSans-109"/>
     <use x="288.28125" xlink:href="#DejaVuSans-32"/>
     <use x="320.068359" xlink:href="#DejaVuSans-66"/>
     <use x="388.671875" xlink:href="#DejaVuSans-97"/>
     <use x="449.951172" xlink:href="#DejaVuSans-110"/>
     <use x="513.330078" xlink:href="#DejaVuSans-100"/>
    </g>
   </g>
  </g>
  <g id="axes_2">
   <g id="patch_4">
    <path d="M 272.642317 82.914235 
C 272.642317 75.759683 271.233026 68.674699 268.495097 62.064755 
C 265.757169 55.45481 261.743848 49.448452 256.684816 44.389419 
C 251.625783 39.330387 245.619424 35.317066 239.00948 32.579138 
C 232.399536 29.841209 225.314552 28.431918 218.16 28.431918 
C 211.005448 28.431918 203.920464 29.841209 197.31052 32.579138 
C 190.700576 35.317066 184.694217 39.330387 179.635184 44.389419 
C 174.576152 49.448452 170.562831 55.45481 167.824903 62.064755 
C 165.086974 68.674699 163.677683 75.759683 163.677683 82.914235 
C 163.677683 90.068787 165.086974 97.15377 167.824903 103.763715 
C 170.562831 110.373659 174.576152 116.380018 179.635184 121.439051 
C 184.694217 126.498083 190.700576 130.511404 197.31052 133.249332 
C 203.920464 135.987261 211.005448 137.396552 218.16 137.396552 
C 225.314552 137.396552 232.399536 135.987261 239.00948 133.249332 
C 245.619424 130.511404 251.625783 126.498083 256.684816 121.439051 
C 261.743848 116.380018 265.757169 110.373659 268.495097 103.763715 
C 271.233026 97.15377 272.642317 90.068787 272.642317 82.914235 
M 218.16 82.914235 
C 218.16 82.914235 218.16 82.914235 218.16 82.914235 
C 218.16 82.914235 218.16 82.914235 218.16 82.914235 
C 218.16 82.914235 218.16 82.914235 218.16 82.914235 
C 218.16 82.914235 218.16 82.914235 218.16 82.914235 
C 218.16 82.914235 218.16 82.914235 218.16 82.914235 
C 218.16 82.914235 218.16 82.914235 218.16 82.914235 
C 218.16 82.914235 218.16 82.914235 218.16 82.914235 
C 218.16 82.914235 218.16 82.914235 218.16 82.914235 
C 218.16 82.914235 218.16 82.914235 218.16 82.914235 
C 218.16 82.914235 218.16 82.914235 218.16 82.914235 
C 218.16 82.914235 218.16 82.914235 218.16 82.914235 
C 218.16 82.914235 218.16 82.914235 218.16 82.914235 
C 218.16 82.914235 218.16 82.914235 218.16 82.914235 
C 218.16 82.914235 218.16 82.914235 218.16 82.914235 
C 218.16 82.914235 218.16 82.914235 218.16 82.914235 
C 218.16 82.914235 218.16 82.914235 218.16 82.914235 
M 272.642317 82.914235 
z
" style="fill:#ffffff;"/>
   </g>
   <g id="matplotlib.axis_3">
    <g id="xtick_9">
     <g id="line2d_10">
      <path clip-path="url(#pc5e278df57)" d="M 218.16 82.914235 
L 218.16 28.431918 
" style="fill:none;stroke:#b0b0b0;stroke-linecap:square;stroke-width:0.8;"/>
     </g>
    </g>
    <g id="xtick_10">
     <g id="line2d_11">
      <path clip-path="url(#pc5e278df57)" d="M 218.16 82.914235 
L 256.684816 44.389419 
" style="fill:none;stroke:#b0b0b0;stroke-linecap:square;stroke-width:0.8;"/>
     </g>
    </g>
    <g id="xtick_11">
     <g id="line2d_12">
      <path clip-path="url(#pc5e278df57)" d="M 218.16 82.914235 
L 272.642317 82.914235 
" style="fill:none;stroke:#b0b0b0;stroke-linecap:square;stroke-width:0.8;"/>
     </g>
    </g>
    <g id="xtick_12">
     <g id="line2d_13">
      <path clip-path="url(#pc5e278df57)" d="M 218.16 82.914235 
L 256.684816 121.439051 
" style="fill:none;stroke:#b0b0b0;stroke-linecap:square;stroke-width:0.8;"/>
     </g>
    </g>
    <g id="xtick_13">
     <g id="line2d_14">
      <path clip-path="url(#pc5e278df57)" d="M 218.16 82.914235 
L 218.16 137.396552 
" style="fill:none;stroke:#b0b0b0;stroke-linecap:square;stroke-width:0.8;"/>
     </g>
    </g>
    <g id="xtick_14">
     <g id="line2d_15">
      <path clip-path="url(#pc5e278df57)" d="M 218.16 82.914235 
L 179.635184 121.439051 
" style="fill:none;stroke:#b0b0b0;stroke-linecap:square;stroke-width:0.8;"/>
     </g>
    </g>
    <g id="xtick_15">
     <g id="line2d_16">
      <path clip-path="url(#pc5e278df57)" d="M 218.16 82.914235 
L 163.677683 82.914235 
" style="fill:none;stroke:#b0b0b0;stroke-linecap:square;stroke-width:0.8;"/>
     </g>
    </g>
    <g id="xtick_16">
     <g id="line2d_17">
      <path clip-path="url(#pc5e278df57)" d="M 218.16 82.914235 
L 179.635184 44.389419 
" style="fill:none;stroke:#b0b0b0;stroke-linecap:square;stroke-width:0.8;"/>
     </g>
    </g>
   </g>
   <g id="matplotlib.axis_4"/>
   <g id="line2d_18">
    <g clip-path="url(#pc5e278df57)">
     <use style="stroke:#000000;" x="226.485046" xlink:href="#md572dc1995" y="86.408143"/>
     <use style="stroke:#000000;" x="226.387234" xlink:href="#md572dc1995" y="78.559423"/>
     <use style="stroke:#000000;" x="226.387234" xlink:href="#md572dc1995" y="78.559423"/>
     <use style="stroke:#000000;" x="222.799174" xlink:href="#md572dc1995" y="85.916808"/>
     <use style="stroke:#000000;" x="220.965291" xlink:href="#md572dc1995" y="83.851149"/>
     <use style="stroke:#000000;" x="220.676584" xlink:href="#md572dc1995" y="86.280443"/>
     <use style="stroke:#000000;" x="221.428505" xlink:href="#md572dc1995" y="86.569408"/>
     <use style="stroke:#000000;" x="217.790601" xlink:href="#md572dc1995" y="72.833989"/>
     <use style="stroke:#000000;" x="217.456854" xlink:href="#md572dc1995" y="75.25666"/>
     <use style="stroke:#000000;" x="254.761474" xlink:href="#md572dc1995" y="68.803578"/>
     <use style="stroke:#000000;" x="218.860856" xlink:href="#md572dc1995" y="82.422508"/>
     <use style="stroke:#000000;" x="220.080426" xlink:href="#md572dc1995" y="69.586973"/>
     <use style="stroke:#000000;" x="225.165944" xlink:href="#md572dc1995" y="87.780859"/>
     <use style="stroke:#000000;" x="235.369333" xlink:href="#md572dc1995" y="67.064188"/>
     <use style="stroke:#000000;" x="226.445167" xlink:href="#md572dc1995" y="86.730647"/>
     <use style="stroke:#000000;" x="221.87592" xlink:href="#md572dc1995" y="86.639103"/>
     <use style="stroke:#000000;" x="217.846057" xlink:href="#md572dc1995" y="74.093685"/>
     <use style="stroke:#000000;" x="221.037015" xlink:href="#md572dc1995" y="85.999429"/>
     <use style="stroke:#000000;" x="231.398556" xlink:href="#md572dc1995" y="69.979696"/>
     <use style="stroke:#000000;" x="213.35444" xlink:href="#md572dc1995" y="49.35297"/>
     <use style="stroke:#000000;" x="229.52342" xlink:href="#md572dc1995" y="80.375091"/>
     <use style="stroke:#000000;" x="244.647344" xlink:href="#md572dc1995" y="76.822207"/>
     <use style="stroke:#000000;" x="232.009932" xlink:href="#md572dc1995" y="78.491367"/>
     <use style="stroke:#000000;" x="250.784707" xlink:href="#md572dc1995" y="83.311418"/>
     <use style="stroke:#000000;" x="245.814454" xlink:href="#md572dc1995" y="73.012291"/>
     <use style="stroke:#000000;" x="221.552347" xlink:href="#md572dc1995" y="71.857105"/>
     <use style="stroke:#000000;" x="218.037309" xlink:href="#md572dc1995" y="72.610024"/>
     <use style="stroke:#000000;" x="295.168151" xlink:href="#md572dc1995" y="35.13267"/>
     <use style="stroke:#000000;" x="277.761148" xlink:href="#md572dc1995" y="9.454922"/>
     <use style="stroke:#000000;" x="231.669857" xlink:href="#md572dc1995" y="84.877143"/>
     <use style="stroke:#000000;" x="244.780252" xlink:href="#md572dc1995" y="74.788946"/>
     <use style="stroke:#000000;" x="218.800779" xlink:href="#md572dc1995" y="75.438654"/>
     <use style="stroke:#000000;" x="221.876418" xlink:href="#md572dc1995" y="86.682458"/>
     <use style="stroke:#000000;" x="182.52776" xlink:href="#md572dc1995" y="94.245086"/>
     <use style="stroke:#000000;" x="202.20451" xlink:href="#md572dc1995" y="56.054093"/>
     <use style="stroke:#000000;" x="231.716908" xlink:href="#md572dc1995" y="84.229688"/>
     <use style="stroke:#000000;" x="222.521282" xlink:href="#md572dc1995" y="76.280639"/>
     <use style="stroke:#000000;" x="223.195177" xlink:href="#md572dc1995" y="76.696127"/>
     <use style="stroke:#000000;" x="219.104349" xlink:href="#md572dc1995" y="74.21705"/>
     <use style="stroke:#000000;" x="221.5086" xlink:href="#md572dc1995" y="86.830206"/>
     <use style="stroke:#000000;" x="221.037015" xlink:href="#md572dc1995" y="85.999429"/>
     <use style="stroke:#000000;" x="222.515797" xlink:href="#md572dc1995" y="76.23983"/>
     <use style="stroke:#000000;" x="218.16" xlink:href="#md572dc1995" y="83.350093"/>
     <use style="stroke:#000000;" x="222.376876" xlink:href="#md572dc1995" y="76.114541"/>
     <use style="stroke:#000000;" x="218.442272" xlink:href="#md572dc1995" y="83.002537"/>
     <use style="stroke:#000000;" x="216.608777" xlink:href="#md572dc1995" y="75.907801"/>
     <use style="stroke:#000000;" x="222.254289" xlink:href="#md572dc1995" y="76.25838"/>
     <use style="stroke:#000000;" x="240.640639" xlink:href="#md572dc1995" y="74.909498"/>
     <use style="stroke:#000000;" x="245.429824" xlink:href="#md572dc1995" y="73.324788"/>
     <use style="stroke:#000000;" x="217.862961" xlink:href="#md572dc1995" y="70.729382"/>
     <use style="stroke:#000000;" x="257.051233" xlink:href="#md572dc1995" y="86.498383"/>
     <use style="stroke:#000000;" x="221.582414" xlink:href="#md572dc1995" y="86.869376"/>
     <use style="stroke:#000000;" x="218.789563" xlink:href="#md572dc1995" y="81.839783"/>
     <use style="stroke:#000000;" x="221.070502" xlink:href="#md572dc1995" y="87.071269"/>
     <use style="stroke:#000000;" x="224.092079" xlink:href="#md572dc1995" y="72.967432"/>
     <use style="stroke:#000000;" x="217.0918" xlink:href="#md572dc1995" y="70.678905"/>
     <use style="stroke:#000000;" x="237.082616" xlink:href="#md572dc1995" y="76.875917"/>
     <use style="stroke:#000000;" x="223.312754" xlink:href="#md572dc1995" y="75.652709"/>
     <use style="stroke:#000000;" x="221.037015" xlink:href="#md572dc1995" y="85.999429"/>
     <use style="stroke:#000000;" x="231.923834" xlink:href="#md572dc1995" y="77.679179"/>
     <use style="stroke:#000000;" x="217.528612" xlink:href="#md572dc1995" y="74.500917"/>
     <use style="stroke:#000000;" x="221.51023" xlink:href="#md572dc1995" y="86.746486"/>
     <use style="stroke:#000000;" x="245.657266" xlink:href="#md572dc1995" y="77.52986"/>
     <use style="stroke:#000000;" x="240.883702" xlink:href="#md572dc1995" y="84.835068"/>
     <use style="stroke:#000000;" x="250.766431" xlink:href="#md572dc1995" y="81.752374"/>
     <use style="stroke:#000000;" x="249.426655" xlink:href="#md572dc1995" y="71.55732"/>
     <use style="stroke:#000000;" x="217.592731" xlink:href="#md572dc1995" y="74.26234"/>
     <use style="stroke:#000000;" x="222.162041" xlink:href="#md572dc1995" y="86.401347"/>
     <use style="stroke:#000000;" x="232.786991" xlink:href="#md572dc1995" y="80.73759"/>
     <use style="stroke:#000000;" x="226.496449" xlink:href="#md572dc1995" y="78.368034"/>
     <use style="stroke:#000000;" x="242.712499" xlink:href="#md572dc1995" y="87.941352"/>
     <use style="stroke:#000000;" x="221.037015" xlink:href="#md572dc1995" y="85.999429"/>
     <use style="stroke:#000000;" x="253.107603" xlink:href="#md572dc1995" y="77.093221"/>
     <use style="stroke:#000000;" x="218.302199" xlink:href="#md572dc1995" y="83.137411"/>
     <use style="stroke:#000000;" x="227.332436" xlink:href="#md572dc1995" y="86.681082"/>
     <use style="stroke:#000000;" x="218.29875" xlink:href="#md572dc1995" y="83.17543"/>
     <use style="stroke:#000000;" x="243.923505" xlink:href="#md572dc1995" y="81.381598"/>
     <use style="stroke:#000000;" x="243.083042" xlink:href="#md572dc1995" y="87.503572"/>
     <use style="stroke:#000000;" x="218.037972" xlink:href="#md572dc1995" y="72.298668"/>
     <use style="stroke:#000000;" x="217.8838" xlink:href="#md572dc1995" y="82.739382"/>
     <use style="stroke:#000000;" x="222.677411" xlink:href="#md572dc1995" y="87.683396"/>
     <use style="stroke:#000000;" x="235.62692" xlink:href="#md572dc1995" y="67.325121"/>
     <use style="stroke:#000000;" x="217.720784" xlink:href="#md572dc1995" y="74.099035"/>
     <use style="stroke:#000000;" x="217.720784" xlink:href="#md572dc1995" y="74.099035"/>
     <use style="stroke:#000000;" x="243.569508" xlink:href="#md572dc1995" y="76.28328"/>
     <use style="stroke:#000000;" x="255.40209" xlink:href="#md572dc1995" y="72.92727"/>
     <use style="stroke:#000000;" x="220.161593" xlink:href="#md572dc1995" y="83.603749"/>
     <use style="stroke:#000000;" x="218.302199" xlink:href="#md572dc1995" y="83.137411"/>
     <use style="stroke:#000000;" x="237.429804" xlink:href="#md572dc1995" y="74.41404"/>
     <use style="stroke:#000000;" x="240.657433" xlink:href="#md572dc1995" y="75.387369"/>
     <use style="stroke:#000000;" x="217.979072" xlink:href="#md572dc1995" y="71.630063"/>
     <use style="stroke:#000000;" x="217.97776" xlink:href="#md572dc1995" y="72.08157"/>
     <use style="stroke:#000000;" x="257.016172" xlink:href="#md572dc1995" y="104.291716"/>
     <use style="stroke:#000000;" x="239.514022" xlink:href="#md572dc1995" y="71.74915"/>
     <use style="stroke:#000000;" x="232.688272" xlink:href="#md572dc1995" y="87.960102"/>
     <use style="stroke:#000000;" x="240.337477" xlink:href="#md572dc1995" y="88.798546"/>
     <use style="stroke:#000000;" x="253.179024" xlink:href="#md572dc1995" y="73.23557"/>
     <use style="stroke:#000000;" x="222.68789" xlink:href="#md572dc1995" y="87.949085"/>
     <use style="stroke:#000000;" x="240.979068" xlink:href="#md572dc1995" y="84.61784"/>
     <use style="stroke:#000000;" x="218.575657" xlink:href="#md572dc1995" y="81.173027"/>
     <use style="stroke:#000000;" x="218.026333" xlink:href="#md572dc1995" y="82.956191"/>
     <use style="stroke:#000000;" x="248.694591" xlink:href="#md572dc1995" y="80.080924"/>
     <use style="stroke:#000000;" x="221.888094" xlink:href="#md572dc1995" y="86.865838"/>
     <use style="stroke:#000000;" x="245.911235" xlink:href="#md572dc1995" y="77.781863"/>
     <use style="stroke:#000000;" x="255.515196" xlink:href="#md572dc1995" y="83.468149"/>
     <use style="stroke:#000000;" x="225.094911" xlink:href="#md572dc1995" y="85.898336"/>
    </g>
   </g>
   <g id="patch_5">
    <path d="M 218.16 28.431918 
C 211.005448 28.431918 203.920464 29.841209 197.31052 32.579138 
C 190.700576 35.317066 184.694217 39.330387 179.635184 44.389419 
C 174.576152 49.448452 170.562831 55.45481 167.824903 62.064755 
C 165.086974 68.674699 163.677683 75.759683 163.677683 82.914235 
C 163.677683 90.068787 165.086974 97.15377 167.824903 103.763715 
C 170.562831 110.373659 174.576152 116.380018 179.635184 121.439051 
C 184.694217 126.498083 190.700576 130.511404 197.31052 133.249332 
C 203.920464 135.987261 211.005448 137.396552 218.16 137.396552 
C 225.314552 137.396552 232.399536 135.987261 239.00948 133.249332 
C 245.619424 130.511404 251.625783 126.498083 256.684816 121.439051 
C 261.743848 116.380018 265.757169 110.373659 268.495097 103.763715 
C 271.233026 97.15377 272.642317 90.068787 272.642317 82.914235 
C 272.642317 75.759683 271.233026 68.674699 268.495097 62.064755 
C 265.757169 55.45481 261.743848 49.448452 256.684816 44.389419 
C 251.625783 39.330387 245.619424 35.317066 239.00948 32.579138 
C 232.399536 29.841209 225.314552 28.431918 218.16 28.431918 
" style="fill:none;stroke:#000000;stroke-linecap:square;stroke-linejoin:miter;stroke-width:0.8;"/>
   </g>
   <g id="text_2">
    <!-- 80m Band -->
    <defs>
     <path d="M 31.78125 34.625 
Q 24.75 34.625 20.71875 30.859375 
Q 16.703125 27.09375 16.703125 20.515625 
Q 16.703125 13.921875 20.71875 10.15625 
Q 24.75 6.390625 31.78125 6.390625 
Q 38.8125 6.390625 42.859375 10.171875 
Q 46.921875 13.96875 46.921875 20.515625 
Q 46.921875 27.09375 42.890625 30.859375 
Q 38.875 34.625 31.78125 34.625 
z
M 21.921875 38.8125 
Q 15.578125 40.375 12.03125 44.71875 
Q 8.5 49.078125 8.5 55.328125 
Q 8.5 64.0625 14.71875 69.140625 
Q 20.953125 74.21875 31.78125 74.21875 
Q 42.671875 74.21875 48.875 69.140625 
Q 55.078125 64.0625 55.078125 55.328125 
Q 55.078125 49.078125 51.53125 44.71875 
Q 48 40.375 41.703125 38.8125 
Q 48.828125 37.15625 52.796875 32.3125 
Q 56.78125 27.484375 56.78125 20.515625 
Q 56.78125 9.90625 50.3125 4.234375 
Q 43.84375 -1.421875 31.78125 -1.421875 
Q 19.734375 -1.421875 13.25 4.234375 
Q 6.78125 9.90625 6.78125 20.515625 
Q 6.78125 27.484375 10.78125 32.3125 
Q 14.796875 37.15625 21.921875 38.8125 
z
M 18.3125 54.390625 
Q 18.3125 48.734375 21.84375 45.5625 
Q 25.390625 42.390625 31.78125 42.390625 
Q 38.140625 42.390625 41.71875 45.5625 
Q 45.3125 48.734375 45.3125 54.390625 
Q 45.3125 60.0625 41.71875 63.234375 
Q 38.140625 66.40625 31.78125 66.40625 
Q 25.390625 66.40625 21.84375 63.234375 
Q 18.3125 60.0625 18.3125 54.390625 
z
" id="DejaVuSans-56"/>
    </defs>
    <g transform="translate(187.36875 16.983686)scale(0.12 -0.12)">
     <use xlink:href="#DejaVuSans-56"/>
     <use x="63.623047" xlink:href="#DejaVuSans-48"/>
     <use x="127.246094" xlink:href="#DejaVuSans-109"/>
     <use x="224.658203" xlink:href="#DejaVuSans-32"/>
     <use x="256.445312" xlink:href="#DejaVuSans-66"/>
     <use x="325.048828" xlink:href="#DejaVuSans-97"/>
     <use x="386.328125" xlink:href="#DejaVuSans-110"/>
     <use x="449.707031" xlink:href="#DejaVuSans-100"/>
    </g>
   </g>
  </g>
  <g id="axes_3">
   <g id="patch_6">
    <path d="M 414.482317 82.914235 
C 414.482317 75.759683 413.073026 68.674699 410.335097 62.064755 
C 407.597169 55.45481 403.583848 49.448452 398.524816 44.389419 
C 393.465783 39.330387 387.459424 35.317066 380.84948 32.579138 
C 374.239536 29.841209 367.154552 28.431918 360 28.431918 
C 352.845448 28.431918 345.760464 29.841209 339.15052 32.579138 
C 332.540576 35.317066 326.534217 39.330387 321.475184 44.389419 
C 316.416152 49.448452 312.402831 55.45481 309.664903 62.064755 
C 306.926974 68.674699 305.517683 75.759683 305.517683 82.914235 
C 305.517683 90.068787 306.926974 97.15377 309.664903 103.763715 
C 312.402831 110.373659 316.416152 116.380018 321.475184 121.439051 
C 326.534217 126.498083 332.540576 130.511404 339.15052 133.249332 
C 345.760464 135.987261 352.845448 137.396552 360 137.396552 
C 367.154552 137.396552 374.239536 135.987261 380.84948 133.249332 
C 387.459424 130.511404 393.465783 126.498083 398.524816 121.439051 
C 403.583848 116.380018 407.597169 110.373659 410.335097 103.763715 
C 413.073026 97.15377 414.482317 90.068787 414.482317 82.914235 
M 360 82.914235 
C 360 82.914235 360 82.914235 360 82.914235 
C 360 82.914235 360 82.914235 360 82.914235 
C 360 82.914235 360 82.914235 360 82.914235 
C 360 82.914235 360 82.914235 360 82.914235 
C 360 82.914235 360 82.914235 360 82.914235 
C 360 82.914235 360 82.914235 360 82.914235 
C 360 82.914235 360 82.914235 360 82.914235 
C 360 82.914235 360 82.914235 360 82.914235 
C 360 82.914235 360 82.914235 360 82.914235 
C 360 82.914235 360 82.914235 360 82.914235 
C 360 82.914235 360 82.914235 360 82.914235 
C 360 82.914235 360 82.914235 360 82.914235 
C 360 82.914235 360 82.914235 360 82.914235 
C 360 82.914235 360 82.914235 360 82.914235 
C 360 82.914235 360 82.914235 360 82.914235 
C 360 82.914235 360 82.914235 360 82.914235 
M 414.482317 82.914235 
z
" style="fill:#ffffff;"/>
   </g>
   <g id="matplotlib.axis_5">
    <g id="xtick_17">
     <g id="line2d_19">
      <path clip-path="url(#pa0f15fa2fe)" d="M 360 82.914235 
L 360 28.431918 
" style="fill:none;stroke:#b0b0b0;stroke-linecap:square;stroke-width:0.8;"/>
     </g>
    </g>
    <g id="xtick_18">
     <g id="line2d_20">
      <path clip-path="url(#pa0f15fa2fe)" d="M 360 82.914235 
L 398.524816 44.389419 
" style="fill:none;stroke:#b0b0b0;stroke-linecap:square;stroke-width:0.8;"/>
     </g>
    </g>
    <g id="xtick_19">
     <g id="line2d_21">
      <path clip-path="url(#pa0f15fa2fe)" d="M 360 82.914235 
L 414.482317 82.914235 
" style="fill:none;stroke:#b0b0b0;stroke-linecap:square;stroke-width:0.8;"/>
     </g>
    </g>
    <g id="xtick_20">
     <g id="line2d_22">
      <path clip-path="url(#pa0f15fa2fe)" d="M 360 82.914235 
L 398.524816 121.439051 
" style="fill:none;stroke:#b0b0b0;stroke-linecap:square;stroke-width:0.8;"/>
     </g>
    </g>
    <g id="xtick_21">
     <g id="line2d_23">
      <path clip-path="url(#pa0f15fa2fe)" d="M 360 82.914235 
L 360 137.396552 
" style="fill:none;stroke:#b0b0b0;stroke-linecap:square;stroke-width:0.8;"/>
     </g>
    </g>
    <g id="xtick_22">
     <g id="line2d_24">
      <path clip-path="url(#pa0f15fa2fe)" d="M 360 82.914235 
L 321.475184 121.439051 
" style="fill:none;stroke:#b0b0b0;stroke-linecap:square;stroke-width:0.8;"/>
     </g>
    </g>
    <g id="xtick_23">
     <g id="line2d_25">
      <path clip-path="url(#pa0f15fa2fe)" d="M 360 82.914235 
L 305.517683 82.914235 
" style="fill:none;stroke:#b0b0b0;stroke-linecap:square;stroke-width:0.8;"/>
     </g>
    </g>
    <g id="xtick_24">
     <g id="line2d_26">
      <path clip-path="url(#pa0f15fa2fe)" d="M 360 82.914235 
L 321.475184 44.389419 
" style="fill:none;stroke:#b0b0b0;stroke-linecap:square;stroke-width:0.8;"/>
     </g>
    </g>
   </g>
   <g id="matplotlib.axis_6"/>
   <g id="line2d_27">
    <defs>
     <path d="M 0 1.5 
C 0.397805 1.5 0.77937 1.341951 1.06066 1.06066 
C 1.341951 0.77937 1.5 0.397805 1.5 0 
C 1.5 -0.397805 1.341951 -0.77937 1.06066 -1.06066 
C 0.77937 -1.341951 0.397805 -1.5 0 -1.5 
C -0.397805 -1.5 -0.77937 -1.341951 -1.06066 -1.06066 
C -1.341951 -0.77937 -1.5 -0.397805 -1.5 0 
C -1.5 0.397805 -1.341951 0.77937 -1.06066 1.06066 
C -0.77937 1.341951 -0.397805 1.5 0 1.5 
z
" id="m9dedc206ba" style="stroke:#ff0000;"/>
    </defs>
    <g clip-path="url(#pa0f15fa2fe)">
     <use style="fill:#ff0000;stroke:#ff0000;" x="367.612802" xlink:href="#m9dedc206ba" y="76.682823"/>
     <use style="fill:#ff0000;stroke:#ff0000;" x="386.445875" xlink:href="#m9dedc206ba" y="72.709703"/>
     <use style="fill:#ff0000;stroke:#ff0000;" x="395.652112" xlink:href="#m9dedc206ba" y="72.783439"/>
     <use style="fill:#ff0000;stroke:#ff0000;" x="399.281021" xlink:href="#m9dedc206ba" y="90.65635"/>
     <use style="fill:#ff0000;stroke:#ff0000;" x="359.686057" xlink:href="#m9dedc206ba" y="74.093685"/>
     <use style="fill:#ff0000;stroke:#ff0000;" x="389.733191" xlink:href="#m9dedc206ba" y="78.195046"/>
     <use style="fill:#ff0000;stroke:#ff0000;" x="386.525681" xlink:href="#m9dedc206ba" y="76.313764"/>
     <use style="fill:#ff0000;stroke:#ff0000;" x="380.10608" xlink:href="#m9dedc206ba" y="67.564941"/>
     <use style="fill:#ff0000;stroke:#ff0000;" x="386.302361" xlink:href="#m9dedc206ba" y="75.705651"/>
     <use style="fill:#ff0000;stroke:#ff0000;" x="395.954092" xlink:href="#m9dedc206ba" y="71.414248"/>
     <use style="fill:#ff0000;stroke:#ff0000;" x="363.422414" xlink:href="#m9dedc206ba" y="86.869376"/>
     <use style="fill:#ff0000;stroke:#ff0000;" x="373.509857" xlink:href="#m9dedc206ba" y="84.877143"/>
     <use style="fill:#ff0000;stroke:#ff0000;" x="386.43513" xlink:href="#m9dedc206ba" y="72.010901"/>
     <use style="fill:#ff0000;stroke:#ff0000;" x="372.698779" xlink:href="#m9dedc206ba" y="68.480891"/>
     <use style="fill:#ff0000;stroke:#ff0000;" x="418.761838" xlink:href="#m9dedc206ba" y="97.142181"/>
     <use style="fill:#ff0000;stroke:#ff0000;" x="374.366011" xlink:href="#m9dedc206ba" y="79.406477"/>
     <use style="fill:#ff0000;stroke:#ff0000;" x="372.760977" xlink:href="#m9dedc206ba" y="80.702518"/>
     <use style="fill:#ff0000;stroke:#ff0000;" x="234.795505" xlink:href="#m9dedc206ba" y="31.705869"/>
     <use style="fill:#ff0000;stroke:#ff0000;" x="291.198951" xlink:href="#m9dedc206ba" y="34.188788"/>
     <use style="fill:#ff0000;stroke:#ff0000;" x="390.907092" xlink:href="#m9dedc206ba" y="76.485481"/>
     <use style="fill:#ff0000;stroke:#ff0000;" x="394.710718" xlink:href="#m9dedc206ba" y="76.052867"/>
     <use style="fill:#ff0000;stroke:#ff0000;" x="381.624711" xlink:href="#m9dedc206ba" y="85.739524"/>
     <use style="fill:#ff0000;stroke:#ff0000;" x="381.624711" xlink:href="#m9dedc206ba" y="85.739524"/>
     <use style="fill:#ff0000;stroke:#ff0000;" x="398.236577" xlink:href="#m9dedc206ba" y="66.114088"/>
     <use style="fill:#ff0000;stroke:#ff0000;" x="387.269824" xlink:href="#m9dedc206ba" y="73.324788"/>
     <use style="fill:#ff0000;stroke:#ff0000;" x="405.705675" xlink:href="#m9dedc206ba" y="90.930707"/>
     <use style="fill:#ff0000;stroke:#ff0000;" x="381.852217" xlink:href="#m9dedc206ba" y="71.627586"/>
     <use style="fill:#ff0000;stroke:#ff0000;" x="366.65134" xlink:href="#m9dedc206ba" y="85.111477"/>
     <use style="fill:#ff0000;stroke:#ff0000;" x="369.14479" xlink:href="#m9dedc206ba" y="86.413006"/>
     <use style="fill:#ff0000;stroke:#ff0000;" x="364.347358" xlink:href="#m9dedc206ba" y="87.415243"/>
     <use style="fill:#ff0000;stroke:#ff0000;" x="382.620138" xlink:href="#m9dedc206ba" y="84.765616"/>
     <use style="fill:#ff0000;stroke:#ff0000;" x="382.620138" xlink:href="#m9dedc206ba" y="84.765616"/>
     <use style="fill:#ff0000;stroke:#ff0000;" x="364.762067" xlink:href="#m9dedc206ba" y="88.072649"/>
     <use style="fill:#ff0000;stroke:#ff0000;" x="387.833701" xlink:href="#m9dedc206ba" y="77.799889"/>
     <use style="fill:#ff0000;stroke:#ff0000;" x="399.084396" xlink:href="#m9dedc206ba" y="85.425685"/>
     <use style="fill:#ff0000;stroke:#ff0000;" x="359.817656" xlink:href="#m9dedc206ba" y="72.128277"/>
     <use style="fill:#ff0000;stroke:#ff0000;" x="382.412843" xlink:href="#m9dedc206ba" y="85.154692"/>
     <use style="fill:#ff0000;stroke:#ff0000;" x="379.111133" xlink:href="#m9dedc206ba" y="77.061556"/>
     <use style="fill:#ff0000;stroke:#ff0000;" x="390.870463" xlink:href="#m9dedc206ba" y="84.838684"/>
     <use style="fill:#ff0000;stroke:#ff0000;" x="359.368612" xlink:href="#m9dedc206ba" y="74.500917"/>
     <use style="fill:#ff0000;stroke:#ff0000;" x="374.416366" xlink:href="#m9dedc206ba" y="80.409172"/>
     <use style="fill:#ff0000;stroke:#ff0000;" x="374.417611" xlink:href="#m9dedc206ba" y="79.994779"/>
     <use style="fill:#ff0000;stroke:#ff0000;" x="389.065332" xlink:href="#m9dedc206ba" y="74.436082"/>
     <use style="fill:#ff0000;stroke:#ff0000;" x="367.563999" xlink:href="#m9dedc206ba" y="83.052289"/>
     <use style="fill:#ff0000;stroke:#ff0000;" x="379.705968" xlink:href="#m9dedc206ba" y="78.176808"/>
     <use style="fill:#ff0000;stroke:#ff0000;" x="385.763505" xlink:href="#m9dedc206ba" y="81.381598"/>
     <use style="fill:#ff0000;stroke:#ff0000;" x="398.914755" xlink:href="#m9dedc206ba" y="63.949163"/>
     <use style="fill:#ff0000;stroke:#ff0000;" x="367.543029" xlink:href="#m9dedc206ba" y="64.186655"/>
     <use style="fill:#ff0000;stroke:#ff0000;" x="398.151298" xlink:href="#m9dedc206ba" y="66.113519"/>
     <use style="fill:#ff0000;stroke:#ff0000;" x="382.017936" xlink:href="#m9dedc206ba" y="78.468501"/>
     <use style="fill:#ff0000;stroke:#ff0000;" x="391.179473" xlink:href="#m9dedc206ba" y="72.489068"/>
     <use style="fill:#ff0000;stroke:#ff0000;" x="391.865634" xlink:href="#m9dedc206ba" y="68.911804"/>
     <use style="fill:#ff0000;stroke:#ff0000;" x="378.398217" xlink:href="#m9dedc206ba" y="70.191322"/>
     <use style="fill:#ff0000;stroke:#ff0000;" x="368.512651" xlink:href="#m9dedc206ba" y="79.344422"/>
     <use style="fill:#ff0000;stroke:#ff0000;" x="390.243669" xlink:href="#m9dedc206ba" y="80.14704"/>
     <use style="fill:#ff0000;stroke:#ff0000;" x="392.609482" xlink:href="#m9dedc206ba" y="71.242994"/>
     <use style="fill:#ff0000;stroke:#ff0000;" x="383.853448" xlink:href="#m9dedc206ba" y="73.950229"/>
