<?xml version="1.0" encoding="utf-8" standalone="no"?>
<!DOCTYPE svg PUBLIC "-//W3C//DTD SVG 1.1//EN"
  "http://www.w3.org/Graphics/SVG/1.1/DTD/svg11.dtd">
<!-- Created with matplotlib (https://matplotlib.org/) -->
<svg height="288pt" version="1.1" viewBox="0 0 720 288" width="720pt" xmlns="http://www.w3.org/2000/svg" xmlns:xlink="http://www.w3.org/1999/xlink">
 <defs>
  <style type="text/css">
*{stroke-linecap:butt;stroke-linejoin:round;}
  </style>
 </defs>
 <g id="figure_1">
  <g id="patch_1">
   <path d="M 0 288 
L 720 288 
L 720 0 
L 0 0 
z
" style="fill:#ffffff;"/>
  </g>
  <g id="axes_1">
   <g id="patch_2">
    <path d="M 130.802317 82.914235 
C 130.802317 75.759683 129.393026 68.674699 126.655097 62.064755 
C 123.917169 55.45481 119.903848 49.448452 114.844816 44.389419 
C 109.785783 39.330387 103.779424 35.317066 97.16948 32.579138 
C 90.559536 29.841209 83.474552 28.431918 76.32 28.431918 
C 69.165448 28.431918 62.080464 29.841209 55.47052 32.579138 
C 48.860576 35.317066 42.854217 39.330387 37.795184 44.389419 
C 32.736152 49.448452 28.722831 55.45481 25.984903 62.064755 
C 23.246974 68.674699 21.837683 75.759683 21.837683 82.914235 
C 21.837683 90.068787 23.246974 97.15377 25.984903 103.763715 
C 28.722831 110.373659 32.736152 116.380018 37.795184 121.439051 
C 42.854217 126.498083 48.860576 130.511404 55.47052 133.249332 
C 62.080464 135.987261 69.165448 137.396552 76.32 137.396552 
C 83.474552 137.396552 90.559536 135.987261 97.16948 133.249332 
C 103.779424 130.511404 109.785783 126.498083 114.844816 121.439051 
C 119.903848 116.380018 123.917169 110.373659 126.655097 103.763715 
C 129.393026 97.15377 130.802317 90.068787 130.802317 82.914235 
M 76.32 82.914235 
C 76.32 82.914235 76.32 82.914235 76.32 82.914235 
C 76.32 82.914235 76.32 82.914235 76.32 82.914235 
C 76.32 82.914235 76.32 82.914235 76.32 82.914235 
C 76.32 82.914235 76.32 82.914235 76.32 82.914235 
C 76.32 82.914235 76.32 82.914235 76.32 82.914235 
C 76.32 82.914235 76.32 82.914235 76.32 82.914235 
C 76.32 82.914235 76.32 82.914235 76.32 82.914235 
C 76.32 82.914235 76.32 82.914235 76.32 82.914235 
C 76.32 82.914235 76.32 82.914235 76.32 82.914235 
C 76.32 82.914235 76.32 82.914235 76.32 82.914235 
C 76.32 82.914235 76.32 82.914235 76.32 82.914235 
C 76.32 82.914235 76.32 82.914235 76.32 82.914235 
C 76.32 82.914235 76.32 82.914235 76.32 82.914235 
C 76.32 82.914235 76.32 82.914235 76.32 82.914235 
C 76.32 82.914235 76.32 82.914235 76.32 82.914235 
C 76.32 82.914235 76.32 82.914235 76.32 82.914235 
M 130.802317 82.914235 
z
" style="fill:#ffffff;"/>
   </g>
   <g id="matplotlib.axis_1">
    <g id="xtick_1">
     <g id="line2d_1">
      <path clip-path="url(#p8fc077db3c)" d="M 76.32 82.914235 
L 76.32 28.431918 
" style="fill:none;stroke:#b0b0b0;stroke-linecap:square;stroke-width:0.8;"/>
     </g>
    </g>
    <g id="xtick_2">
     <g id="line2d_2">
      <path clip-path="url(#p8fc077db3c)" d="M 76.32 82.914235 
L 114.844816 44.389419 
" style="fill:none;stroke:#b0b0b0;stroke-linecap:square;stroke-width:0.8;"/>
     </g>
    </g>
    <g id="xtick_3">
     <g id="line2d_3">
      <path clip-path="url(#p8fc077db3c)" d="M 76.32 82.914235 
L 130.802317 82.914235 
" style="fill:none;stroke:#b0b0b0;stroke-linecap:square;stroke-width:0.8;"/>
     </g>
    </g>
    <g id="xtick_4">
     <g id="line2d_4">
      <path clip-path="url(#p8fc077db3c)" d="M 76.32 82.914235 
L 114.844816 121.439051 
" style="fill:none;stroke:#b0b0b0;stroke-linecap:square;stroke-width:0.8;"/>
     </g>
    </g>
    <g id="xtick_5">
     <g id="line2d_5">
      <path clip-path="url(#p8fc077db3c)" d="M 76.32 82.914235 
L 76.32 137.396552 
" style="fill:none;stroke:#b0b0b0;stroke-linecap:square;stroke-width:0.8;"/>
     </g>
    </g>
    <g id="xtick_6">
     <g id="line2d_6">
      <path clip-path="url(#p8fc077db3c)" d="M 76.32 82.914235 
L 37.795184 121.439051 
" style="fill:none;stroke:#b0b0b0;stroke-linecap:square;stroke-width:0.8;"/>
     </g>
    </g>
    <g id="xtick_7">
     <g id="line2d_7">
      <path clip-path="url(#p8fc077db3c)" d="M 76.32 82.914235 
L 21.837683 82.914235 
" style="fill:none;stroke:#b0b0b0;stroke-linecap:square;stroke-width:0.8;"/>
     </g>
    </g>
    <g id="xtick_8">
     <g id="line2d_8">
      <path clip-path="url(#p8fc077db3c)" d="M 76.32 82.914235 
L 37.795184 44.389419 
" style="fill:none;stroke:#b0b0b0;stroke-linecap:square;stroke-width:0.8;"/>
     </g>
    </g>
   </g>
   <g id="matplotlib.axis_2"/>
   <g id="line2d_9">
    <defs>
     <path d="M 0 1.5 
C 0.397805 1.5 0.77937 1.341951 1.06066 1.06066 
C 1.341951 0.77937 1.5 0.397805 1.5 0 
C 1.5 -0.397805 1.341951 -0.77937 1.06066 -1.06066 
C 0.77937 -1.341951 0.397805 -1.5 0 -1.5 
C -0.397805 -1.5 -0.77937 -1.341951 -1.06066 -1.06066 
C -1.341951 -0.77937 -1.5 -0.397805 -1.5 0 
C -1.5 0.397805 -1.341951 0.77937 -1.06066 1.06066 
C -0.77937 1.341951 -0.397805 1.5 0 1.5 
z
" id="mcd0fa67c15" style="stroke:#000000;"/>
    </defs>
    <g clip-path="url(#p8fc077db3c)">
     <use style="stroke:#000000;" x="78.408876" xlink:href="#mcd0fa67c15" y="81.575145"/>
    </g>
   </g>
   <g id="patch_3">
    <path d="M 76.32 28.431918 
C 69.165448 28.431918 62.080464 29.841209 55.47052 32.579138 
C 48.860576 35.317066 42.854217 39.330387 37.795184 44.389419 
C 32.736152 49.448452 28.722831 55.45481 25.984903 62.064755 
C 23.246974 68.674699 21.837683 75.759683 21.837683 82.914235 
C 21.837683 90.068787 23.246974 97.15377 25.984903 103.763715 
C 28.722831 110.373659 32.736152 116.380018 37.795184 121.439051 
C 42.854217 126.498083 48.860576 130.511404 55.47052 133.249332 
C 62.080464 135.987261 69.165448 137.396552 76.32 137.396552 
C 83.474552 137.396552 90.559536 135.987261 97.16948 133.249332 
C 103.779424 130.511404 109.785783 126.498083 114.844816 121.439051 
C 119.903848 116.380018 123.917169 110.373659 126.655097 103.763715 
C 129.393026 97.15377 130.802317 90.068787 130.802317 82.914235 
C 130.802317 75.759683 129.393026 68.674699 126.655097 62.064755 
C 123.917169 55.45481 119.903848 49.448452 114.844816 44.389419 
C 109.785783 39.330387 103.779424 35.317066 97.16948 32.579138 
C 90.559536 29.841209 83.474552 28.431918 76.32 28.431918 
" style="fill:none;stroke:#000000;stroke-linecap:square;stroke-linejoin:miter;stroke-width:0.8;"/>
   </g>
   <g id="text_1">
    <!-- 160m Band -->
    <defs>
     <path d="M 12.40625 8.296875 
L 28.515625 8.296875 
L 28.515625 63.921875 
L 10.984375 60.40625 
L 10.984375 69.390625 
L 28.421875 72.90625 
L 38.28125 72.90625 
L 38.28125 8.296875 
L 54.390625 8.296875 
L 54.390625 0 
L 12.40625 0 
z
" id="DejaVuSans-49"/>
     <path d="M 33.015625 40.375 
Q 26.375 40.375 22.484375 35.828125 
Q 18.609375 31.296875 18.609375 23.390625 
Q 18.609375 15.53125 22.484375 10.953125 
Q 26.375 6.390625 33.015625 6.390625 
Q 39.65625 6.390625 43.53125 10.953125 
Q 47.40625 15.53125 47.40625 23.390625 
Q 47.40625 31.296875 43.53125 35.828125 
Q 39.65625 40.375 33.015625 40.375 
z
M 52.59375 71.296875 
L 52.59375 62.3125 
Q 48.875 64.0625 45.09375 64.984375 
Q 41.3125 65.921875 37.59375 65.921875 
Q 27.828125 65.921875 22.671875 59.328125 
Q 17.53125 52.734375 16.796875 39.40625 
Q 19.671875 43.65625 24.015625 45.921875 
Q 28.375 48.1875 33.59375 48.1875 
Q 44.578125 48.1875 50.953125 41.515625 
Q 57.328125 34.859375 57.328125 23.390625 
Q 57.328125 12.15625 50.6875 5.359375 
Q 44.046875 -1.421875 33.015625 -1.421875 
Q 20.359375 -1.421875 13.671875 8.265625 
Q 6.984375 17.96875 6.984375 36.375 
Q 6.984375 53.65625 15.1875 63.9375 
Q 23.390625 74.21875 37.203125 74.21875 
Q 40.921875 74.21875 44.703125 73.484375 
Q 48.484375 72.75 52.59375 71.296875 
z
" id="DejaVuSans-54"/>
     <path d="M 31.78125 66.40625 
Q 24.171875 66.40625 20.328125 58.90625 
Q 16.5 51.421875 16.5 36.375 
Q 16.5 21.390625 20.328125 13.890625 
Q 24.171875 6.390625 31.78125 6.390625 
Q 39.453125 6.390625 43.28125 13.890625 
Q 47.125 21.390625 47.125 36.375 
Q 47.125 51.421875 43.28125 58.90625 
Q 39.453125 66.40625 31.78125 66.40625 
z
M 31.78125 74.21875 
Q 44.046875 74.21875 50.515625 64.515625 
Q 56.984375 54.828125 56.984375 36.375 
Q 56.984375 17.96875 50.515625 8.265625 
Q 44.046875 -1.421875 31.78125 -1.421875 
Q 19.53125 -1.421875 13.0625 8.265625 
Q 6.59375 17.96875 6.59375 36.375 
Q 6.59375 54.828125 13.0625 64.515625 
Q 19.53125 74.21875 31.78125 74.21875 
z
" id="DejaVuSans-48"/>
     <path d="M 52 44.1875 
Q 55.375 50.25 60.0625 53.125 
Q 64.75 56 71.09375 56 
Q 79.640625 56 84.28125 50.015625 
Q 88.921875 44.046875 88.921875 33.015625 
L 88.921875 0 
L 79.890625 0 
L 79.890625 32.71875 
Q 79.890625 40.578125 77.09375 44.375 
Q 74.3125 48.1875 68.609375 48.1875 
Q 61.625 48.1875 57.5625 43.546875 
Q 53.515625 38.921875 53.515625 30.90625 
L 53.515625 0 
L 44.484375 0 
L 44.484375 32.71875 
Q 44.484375 40.625 41.703125 44.40625 
Q 38.921875 48.1875 33.109375 48.1875 
Q 26.21875 48.1875 22.15625 43.53125 
Q 18.109375 38.875 18.109375 30.90625 
L 18.109375 0 
L 9.078125 0 
L 9.078125 54.6875 
L 18.109375 54.6875 
L 18.109375 46.1875 
Q 21.1875 51.21875 25.484375 53.609375 
Q 29.78125 56 35.6875 56 
Q 41.65625 56 45.828125 52.96875 
Q 50 49.953125 52 44.1875 
z
" id="DejaVuSans-109"/>
     <path id="DejaVuSans-32"/>
     <path d="M 19.671875 34.8125 
L 19.671875 8.109375 
L 35.5 8.109375 
Q 43.453125 8.109375 47.28125 11.40625 
Q 51.125 14.703125 51.125 21.484375 
Q 51.125 28.328125 47.28125 31.5625 
Q 43.453125 34.8125 35.5 34.8125 
z
M 19.671875 64.796875 
L 19.671875 42.828125 
L 34.28125 42.828125 
Q 41.5 42.828125 45.03125 45.53125 
Q 48.578125 48.25 48.578125 53.8125 
Q 48.578125 59.328125 45.03125 62.0625 
Q 41.5 64.796875 34.28125 64.796875 
z
M 9.8125 72.90625 
L 35.015625 72.90625 
Q 46.296875 72.90625 52.390625 68.21875 
Q 58.5 63.53125 58.5 54.890625 
Q 58.5 48.1875 55.375 44.234375 
Q 52.25 40.28125 46.1875 39.3125 
Q 53.46875 37.75 57.5 32.78125 
Q 61.53125 27.828125 61.53125 20.40625 
Q 61.53125 10.640625 54.890625 5.3125 
Q 48.25 0 35.984375 0 
L 9.8125 0 
z
" id="DejaVuSans-66"/>
     <path d="M 34.28125 27.484375 
Q 23.390625 27.484375 19.1875 25 
Q 14.984375 22.515625 14.984375 16.5 
Q 14.984375 11.71875 18.140625 8.90625 
Q 21.296875 6.109375 26.703125 6.109375 
Q 34.1875 6.109375 38.703125 11.40625 
Q 43.21875 16.703125 43.21875 25.484375 
L 43.21875 27.484375 
z
M 52.203125 31.203125 
L 52.203125 0 
L 43.21875 0 
L 43.21875 8.296875 
Q 40.140625 3.328125 35.546875 0.953125 
Q 30.953125 -1.421875 24.3125 -1.421875 
Q 15.921875 -1.421875 10.953125 3.296875 
Q 6 8.015625 6 15.921875 
Q 6 25.140625 12.171875 29.828125 
Q 18.359375 34.515625 30.609375 34.515625 
L 43.21875 34.515625 
L 43.21875 35.40625 
Q 43.21875 41.609375 39.140625 45 
Q 35.0625 48.390625 27.6875 48.390625 
Q 23 48.390625 18.546875 47.265625 
Q 14.109375 46.140625 10.015625 43.890625 
L 10.015625 52.203125 
Q 14.9375 54.109375 19.578125 55.046875 
Q 24.21875 56 28.609375 56 
Q 40.484375 56 46.34375 49.84375 
Q 52.203125 43.703125 52.203125 31.203125 
z
" id="DejaVuSans-97"/>
     <path d="M 54.890625 33.015625 
L 54.890625 0 
L 45.90625 0 
L 45.90625 32.71875 
Q 45.90625 40.484375 42.875 44.328125 
Q 39.84375 48.1875 33.796875 48.1875 
Q 26.515625 48.1875 22.3125 43.546875 
Q 18.109375 38.921875 18.109375 30.90625 
L 18.109375 0 
L 9.078125 0 
L 9.078125 54.6875 
L 18.109375 54.6875 
L 18.109375 46.1875 
Q 21.34375 51.125 25.703125 53.5625 
Q 30.078125 56 35.796875 56 
Q 45.21875 56 50.046875 50.171875 
Q 54.890625 44.34375 54.890625 33.015625 
z
" id="DejaVuSans-110"/>
     <path d="M 45.40625 46.390625 
L 45.40625 75.984375 
L 54.390625 75.984375 
L 54.390625 0 
L 45.40625 0 
L 45.40625 8.203125 
Q 42.578125 3.328125 38.25 0.953125 
Q 33.9375 -1.421875 27.875 -1.421875 
Q 17.96875 -1.421875 11.734375 6.484375 
Q 5.515625 14.40625 5.515625 27.296875 
Q 5.515625 40.1875 11.734375 48.09375 
Q 17.96875 56 27.875 56 
Q 33.9375 56 38.25 53.625 
Q 42.578125 51.265625 45.40625 46.390625 
z
M 14.796875 27.296875 
Q 14.796875 17.390625 18.875 11.75 
Q 22.953125 6.109375 30.078125 6.109375 
Q 37.203125 6.109375 41.296875 11.75 
Q 45.40625 17.390625 45.40625 27.296875 
Q 45.40625 37.203125 41.296875 42.84375 
Q 37.203125 48.484375 30.078125 48.484375 
Q 22.953125 48.484375 18.875 42.84375 
Q 14.796875 37.203125 14.796875 27.296875 
z
" id="DejaVuSans-100"/>
    </defs>
    <g transform="translate(41.71125 16.983686)scale(0.12 -0.12)">
     <use xlink:href="#DejaVuSans-49"/>
     <use x="63.623047" xlink:href="#DejaVuSans-54"/>
     <use x="127.246094" xlink:href="#DejaVuSans-48"/>
     <use x="190.869141" xlink:href="#DejaVuSans-109"/>
     <use x="288.28125" xlink:href="#DejaVuSans-32"/>
     <use x="320.068359" xlink:href="#DejaVuSans-66"/>
     <use x="388.671875" xlink:href="#DejaVuSans-97"/>
     <use x="449.951172" xlink:href="#DejaVuSans-110"/>
     <use x="513.330078" xlink:href="#DejaVuSans-100"/>
    </g>
   </g>
  </g>
  <g id="axes_2">
   <g id="patch_4">
    <path d="M 272.642317 82.914235 
C 272.642317 75.759683 271.233026 68.674699 268.495097 62.064755 
C 265.757169 55.45481 261.743848 49.448452 256.684816 44.389419 
C 251.625783 39.330387 245.619424 35.317066 239.00948 32.579138 
C 232.399536 29.841209 225.314552 28.431918 218.16 28.431918 
C 211.005448 28.431918 203.920464 29.841209 197.31052 32.579138 
C 190.700576 35.317066 184.694217 39.330387 179.635184 44.389419 
C 174.576152 49.448452 170.562831 55.45481 167.824903 62.064755 
C 165.086974 68.674699 163.677683 75.759683 163.677683 82.914235 
C 163.677683 90.068787 165.086974 97.15377 167.824903 103.763715 
C 170.562831 110.373659 174.576152 116.380018 179.635184 121.439051 
C 184.694217 126.498083 190.700576 130.511404 197.31052 133.249332 
C 203.920464 135.987261 211.005448 137.396552 218.16 137.396552 
C 225.314552 137.396552 232.399536 135.987261 239.00948 133.249332 
C 245.619424 130.511404 251.625783 126.498083 256.684816 121.439051 
C 261.743848 116.380018 265.757169 110.373659 268.495097 103.763715 
C 271.233026 97.15377 272.642317 90.068787 272.642317 82.914235 
M 218.16 82.914235 
C 218.16 82.914235 218.16 82.914235 218.16 82.914235 
C 218.16 82.914235 218.16 82.914235 218.16 82.914235 
C 218.16 82.914235 218.16 82.914235 218.16 82.914235 
C 218.16 82.914235 218.16 82.914235 218.16 82.914235 
C 218.16 82.914235 218.16 82.914235 218.16 82.914235 
C 218.16 82.914235 218.16 82.914235 218.16 82.914235 
C 218.16 82.914235 218.16 82.914235 218.16 82.914235 
C 218.16 82.914235 218.16 82.914235 218.16 82.914235 
C 218.16 82.914235 218.16 82.914235 218.16 82.914235 
C 218.16 82.914235 218.16 82.914235 218.16 82.914235 
C 218.16 82.914235 218.16 82.914235 218.16 82.914235 
C 218.16 82.914235 218.16 82.914235 218.16 82.914235 
C 218.16 82.914235 218.16 82.914235 218.16 82.914235 
C 218.16 82.914235 218.16 82.914235 218.16 82.914235 
C 218.16 82.914235 218.16 82.914235 218.16 82.914235 
C 218.16 82.914235 218.16 82.914235 218.16 82.914235 
M 272.642317 82.914235 
z
" style="fill:#ffffff;"/>
   </g>
   <g id="matplotlib.axis_3">
    <g id="xtick_9">
     <g id="line2d_10">
      <path clip-path="url(#p92041847f4)" d="M 218.16 82.914235 
L 218.16 28.431918 
" style="fill:none;stroke:#b0b0b0;stroke-linecap:square;stroke-width:0.8;"/>
     </g>
    </g>
    <g id="xtick_10">
     <g id="line2d_11">
      <path clip-path="url(#p92041847f4)" d="M 218.16 82.914235 
L 256.684816 44.389419 
" style="fill:none;stroke:#b0b0b0;stroke-linecap:square;stroke-width:0.8;"/>
     </g>
    </g>
    <g id="xtick_11">
     <g id="line2d_12">
      <path clip-path="url(#p92041847f4)" d="M 218.16 82.914235 
L 272.642317 82.914235 
" style="fill:none;stroke:#b0b0b0;stroke-linecap:square;stroke-width:0.8;"/>
     </g>
    </g>
    <g id="xtick_12">
     <g id="line2d_13">
      <path clip-path="url(#p92041847f4)" d="M 218.16 82.914235 
L 256.684816 121.439051 
" style="fill:none;stroke:#b0b0b0;stroke-linecap:square;stroke-width:0.8;"/>
     </g>
    </g>
    <g id="xtick_13">
     <g id="line2d_14">
      <path clip-path="url(#p92041847f4)" d="M 218.16 82.914235 
L 218.16 137.396552 
" style="fill:none;stroke:#b0b0b0;stroke-linecap:square;stroke-width:0.8;"/>
     </g>
    </g>
    <g id="xtick_14">
     <g id="line2d_15">
      <path clip-path="url(#p92041847f4)" d="M 218.16 82.914235 
L 179.635184 121.439051 
" style="fill:none;stroke:#b0b0b0;stroke-linecap:square;stroke-width:0.8;"/>
     </g>
    </g>
    <g id="xtick_15">
     <g id="line2d_16">
      <path clip-path="url(#p92041847f4)" d="M 218.16 82.914235 
L 163.677683 82.914235 
" style="fill:none;stroke:#b0b0b0;stroke-linecap:square;stroke-width:0.8;"/>
     </g>
    </g>
    <g id="xtick_16">
     <g id="line2d_17">
      <path clip-path="url(#p92041847f4)" d="M 218.16 82.914235 
L 179.635184 44.389419 
" style="fill:none;stroke:#b0b0b0;stroke-linecap:square;stroke-width:0.8;"/>
     </g>
    </g>
   </g>
   <g id="matplotlib.axis_4"/>
   <g id="line2d_18">
    <g clip-path="url(#p92041847f4)">
     <use style="stroke:#000000;" x="220.500374" xlink:href="#mcd0fa67c15" y="83.896458"/>
     <use style="stroke:#000000;" x="220.472877" xlink:href="#mcd0fa67c15" y="81.68999"/>
     <use style="stroke:#000000;" x="220.472877" xlink:href="#mcd0fa67c15" y="81.68999"/>
     <use style="stroke:#000000;" x="219.464185" xlink:href="#mcd0fa67c15" y="83.758332"/>
     <use style="stroke:#000000;" x="218.948636" xlink:href="#mcd0fa67c15" y="83.177624"/>
     <use style="stroke:#000000;" x="218.867473" xlink:href="#mcd0fa67c15" y="83.860558"/>
     <use style="stroke:#000000;" x="219.078857" xlink:href="#mcd0fa67c15" y="83.941794"/>
     <use style="stroke:#000000;" x="218.056153" xlink:href="#mcd0fa67c15" y="80.080431"/>
     <use style="stroke:#000000;" x="217.962328" xlink:href="#mcd0fa67c15" y="80.761503"/>
     <use style="stroke:#000000;" x="228.449571" xlink:href="#mcd0fa67c15" y="78.947383"/>
     <use style="stroke:#000000;" x="218.357028" xlink:href="#mcd0fa67c15" y="82.775999"/>
     <use style="stroke:#000000;" x="218.699879" xlink:href="#mcd0fa67c15" y="79.167615"/>
     <use style="stroke:#000000;" x="220.129543" xlink:href="#mcd0fa67c15" y="84.282362"/>
     <use style="stroke:#000000;" x="222.997965" xlink:href="#mcd0fa67c15" y="78.458398"/>
     <use style="stroke:#000000;" x="220.489163" xlink:href="#mcd0fa67c15" y="83.987122"/>
     <use style="stroke:#000000;" x="219.204636" xlink:href="#mcd0fa67c15" y="83.961387"/>
     <use style="stroke:#000000;" x="218.071743" xlink:href="#mcd0fa67c15" y="80.434562"/>
     <use style="stroke:#000000;" x="218.968799" xlink:href="#mcd0fa67c15" y="83.781559"/>
     <use style="stroke:#000000;" x="221.881682" xlink:href="#mcd0fa67c15" y="79.278019"/>
     <use style="stroke:#000000;" x="216.809039" xlink:href="#mcd0fa67c15" y="73.479341"/>
     <use style="stroke:#000000;" x="221.354536" xlink:href="#mcd0fa67c15" y="82.200419"/>
     <use style="stroke:#000000;" x="225.606241" xlink:href="#mcd0fa67c15" y="81.201617"/>
     <use style="stroke:#000000;" x="222.053555" xlink:href="#mcd0fa67c15" y="81.670858"/>
     <use style="stroke:#000000;" x="227.331604" xlink:href="#mcd0fa67c15" y="83.025893"/>
     <use style="stroke:#000000;" x="225.934344" xlink:href="#mcd0fa67c15" y="80.130556"/>
     <use style="stroke:#000000;" x="219.113672" xlink:href="#mcd0fa67c15" y="79.805805"/>
     <use style="stroke:#000000;" x="218.125509" xlink:href="#mcd0fa67c15" y="80.017469"/>
     <use style="stroke:#000000;" x="239.808878" xlink:href="#mcd0fa67c15" y="69.481666"/>
     <use style="stroke:#000000;" x="234.915343" xlink:href="#mcd0fa67c15" y="62.263023"/>
     <use style="stroke:#000000;" x="221.957952" xlink:href="#mcd0fa67c15" y="83.466056"/>
     <use style="stroke:#000000;" x="225.643605" xlink:href="#mcd0fa67c15" y="80.630017"/>
     <use style="stroke:#000000;" x="218.340139" xlink:href="#mcd0fa67c15" y="80.812666"/>
     <use style="stroke:#000000;" x="219.204776" xlink:href="#mcd0fa67c15" y="83.973575"/>
     <use style="stroke:#000000;" x="208.142905" xlink:href="#mcd0fa67c15" y="86.099615"/>
     <use style="stroke:#000000;" x="213.674521" xlink:href="#mcd0fa67c15" y="75.363191"/>
     <use style="stroke:#000000;" x="221.971179" xlink:href="#mcd0fa67c15" y="83.284041"/>
     <use style="stroke:#000000;" x="219.386063" xlink:href="#mcd0fa67c15" y="81.049369"/>
     <use style="stroke:#000000;" x="219.575512" xlink:href="#mcd0fa67c15" y="81.166172"/>
     <use style="stroke:#000000;" x="218.42548" xlink:href="#mcd0fa67c15" y="80.469243"/>
     <use style="stroke:#000000;" x="219.101373" xlink:href="#mcd0fa67c15" y="84.01511"/>
     <use style="stroke:#000000;" x="218.968799" xlink:href="#mcd0fa67c15" y="83.781559"/>
     <use style="stroke:#000000;" x="219.384521" xlink:href="#mcd0fa67c15" y="81.037896"/>
     <use style="stroke:#000000;" x="218.16" xlink:href="#mcd0fa67c15" y="83.036765"/>
     <use style="stroke:#000000;" x="219.345467" xlink:href="#mcd0fa67c15" y="81.002674"/>
     <use style="stroke:#000000;" x="218.239354" xlink:href="#mcd0fa67c15" y="82.939059"/>
     <use style="stroke:#000000;" x="217.723913" xlink:href="#mcd0fa67c15" y="80.944555"/>
     <use style="stroke:#000000;" x="219.311005" xlink:href="#mcd0fa67c15" y="81.043111"/>
     <use style="stroke:#000000;" x="224.479858" xlink:href="#mcd0fa67c15" y="80.663907"/>
     <use style="stroke:#000000;" x="225.826216" xlink:href="#mcd0fa67c15" y="80.218406"/>
     <use style="stroke:#000000;" x="218.076495" xlink:href="#mcd0fa67c15" y="79.488774"/>
     <use style="stroke:#000000;" x="229.093278" xlink:href="#mcd0fa67c15" y="83.921827"/>
     <use style="stroke:#000000;" x="219.122124" xlink:href="#mcd0fa67c15" y="84.026122"/>
     <use style="stroke:#000000;" x="218.336986" xlink:href="#mcd0fa67c15" y="82.61218"/>
     <use style="stroke:#000000;" x="218.978214" xlink:href="#mcd0fa67c15" y="84.082879"/>
     <use style="stroke:#000000;" x="219.827653" xlink:href="#mcd0fa67c15" y="80.117945"/>
     <use style="stroke:#000000;" x="217.859703" xlink:href="#mcd0fa67c15" y="79.474584"/>
     <use style="stroke:#000000;" x="223.479611" xlink:href="#mcd0fa67c15" y="81.216716"/>
     <use style="stroke:#000000;" x="219.608565" xlink:href="#mcd0fa67c15" y="80.872842"/>
     <use style="stroke:#000000;" x="218.968799" xlink:href="#mcd0fa67c15" y="83.781559"/>
     <use style="stroke:#000000;" x="222.029351" xlink:href="#mcd0fa67c15" y="81.442532"/>
     <use style="stroke:#000000;" x="217.982501" xlink:href="#mcd0fa67c15" y="80.549045"/>
     <use style="stroke:#000000;" x="219.101832" xlink:href="#mcd0fa67c15" y="83.991574"/>
     <use style="stroke:#000000;" x="225.890155" xlink:href="#mcd0fa67c15" y="81.400555"/>
     <use style="stroke:#000000;" x="224.548189" xlink:href="#mcd0fa67c15" y="83.454228"/>
     <use style="stroke:#000000;" x="227.326467" xlink:href="#mcd0fa67c15" y="82.587607"/>
     <use style="stroke:#000000;" x="226.949823" xlink:href="#mcd0fa67c15" y="79.721528"/>
     <use style="stroke:#000000;" x="218.000527" xlink:href="#mcd0fa67c15" y="80.481975"/>
     <use style="stroke:#000000;" x="219.285072" xlink:href="#mcd0fa67c15" y="83.894548"/>
     <use style="stroke:#000000;" x="222.272005" xlink:href="#mcd0fa67c15" y="82.302327"/>
     <use style="stroke:#000000;" x="220.50358" xlink:href="#mcd0fa67c15" y="81.636187"/>
     <use style="stroke:#000000;" x="225.062309" xlink:href="#mcd0fa67c15" y="84.327481"/>
     <use style="stroke:#000000;" x="218.968799" xlink:href="#mcd0fa67c15" y="83.781559"/>
     <use style="stroke:#000000;" x="227.984627" xlink:href="#mcd0fa67c15" y="81.277805"/>
     <use style="stroke:#000000;" x="218.199976" xlink:href="#mcd0fa67c15" y="82.976975"/>
     <use style="stroke:#000000;" x="220.738597" xlink:href="#mcd0fa67c15" y="83.973188"/>
     <use style="stroke:#000000;" x="218.199006" xlink:href="#mcd0fa67c15" y="82.987663"/>
     <use style="stroke:#000000;" x="225.402752" xlink:href="#mcd0fa67c15" y="82.483373"/>
     <use style="stroke:#000000;" x="225.166478" xlink:href="#mcd0fa67c15" y="84.20441"/>
     <use style="stroke:#000000;" x="218.125695" xlink:href="#mcd0fa67c15" y="79.929939"/>
     <use style="stroke:#000000;" x="218.082354" xlink:href="#mcd0fa67c15" y="82.86508"/>
     <use style="stroke:#000000;" x="219.429955" xlink:href="#mcd0fa67c15" y="84.254963"/>
     <use style="stroke:#000000;" x="223.070379" xlink:href="#mcd0fa67c15" y="78.531753"/>
     <use style="stroke:#000000;" x="218.036525" xlink:href="#mcd0fa67c15" y="80.436066"/>
     <use style="stroke:#000000;" x="218.036525" xlink:href="#mcd0fa67c15" y="80.436066"/>
     <use style="stroke:#000000;" x="225.303235" xlink:href="#mcd0fa67c15" y="81.050111"/>
     <use style="stroke:#000000;" x="228.629664" xlink:href="#mcd0fa67c15" y="80.106654"/>
     <use style="stroke:#000000;" x="218.722697" xlink:href="#mcd0fa67c15" y="83.108074"/>
     <use style="stroke:#000000;" x="218.199976" xlink:href="#mcd0fa67c15" y="82.976975"/>
     <use style="stroke:#000000;" x="223.577214" xlink:href="#mcd0fa67c15" y="80.524622"/>
     <use style="stroke:#000000;" x="224.484579" xlink:href="#mcd0fa67c15" y="80.798248"/>
     <use style="stroke:#000000;" x="218.109137" xlink:href="#mcd0fa67c15" y="79.741978"/>
     <use style="stroke:#000000;" x="218.108768" xlink:href="#mcd0fa67c15" y="79.868907"/>
     <use style="stroke:#000000;" x="229.083422" xlink:href="#mcd0fa67c15" y="88.923969"/>
     <use style="stroke:#000000;" x="224.163139" xlink:href="#mcd0fa67c15" y="79.775456"/>
     <use style="stroke:#000000;" x="222.244253" xlink:href="#mcd0fa67c15" y="84.332752"/>
     <use style="stroke:#000000;" x="224.394632" xlink:href="#mcd0fa67c15" y="84.568459"/>
     <use style="stroke:#000000;" x="228.004705" xlink:href="#mcd0fa67c15" y="80.193325"/>
     <use style="stroke:#000000;" x="219.432901" xlink:href="#mcd0fa67c15" y="84.329655"/>
     <use style="stroke:#000000;" x="224.574999" xlink:href="#mcd0fa67c15" y="83.39316"/>
     <use style="stroke:#000000;" x="218.276851" xlink:href="#mcd0fa67c15" y="82.424739"/>
     <use style="stroke:#000000;" x="218.122423" xlink:href="#mcd0fa67c15" y="82.92603"/>
     <use style="stroke:#000000;" x="226.744022" xlink:href="#mcd0fa67c15" y="82.117722"/>
     <use style="stroke:#000000;" x="219.208059" xlink:href="#mcd0fa67c15" y="84.025127"/>
     <use style="stroke:#000000;" x="225.961552" xlink:href="#mcd0fa67c15" y="81.4714"/>
     <use style="stroke:#000000;" x="228.661461" xlink:href="#mcd0fa67c15" y="83.069954"/>
     <use style="stroke:#000000;" x="220.109573" xlink:href="#mcd0fa67c15" y="83.753139"/>
    </g>
   </g>
   <g id="patch_5">
    <path d="M 218.16 28.431918 
C 211.005448 28.431918 203.920464 29.841209 197.31052 32.579138 
C 190.700576 35.317066 184.694217 39.330387 179.635184 44.389419 
C 174.576152 49.448452 170.562831 55.45481 167.824903 62.064755 
C 165.086974 68.674699 163.677683 75.759683 163.677683 82.914235 
C 163.677683 90.068787 165.086974 97.15377 167.824903 103.763715 
C 170.562831 110.373659 174.576152 116.380018 179.635184 121.439051 
C 184.694217 126.498083 190.700576 130.511404 197.31052 133.249332 
C 203.920464 135.987261 211.005448 137.396552 218.16 137.396552 
C 225.314552 137.396552 232.399536 135.987261 239.00948 133.249332 
C 245.619424 130.511404 251.625783 126.498083 256.684816 121.439051 
C 261.743848 116.380018 265.757169 110.373659 268.495097 103.763715 
C 271.233026 97.15377 272.642317 90.068787 272.642317 82.914235 
C 272.642317 75.759683 271.233026 68.674699 268.495097 62.064755 
C 265.757169 55.45481 261.743848 49.448452 256.684816 44.389419 
C 251.625783 39.330387 245.619424 35.317066 239.00948 32.579138 
C 232.399536 29.841209 225.314552 28.431918 218.16 28.431918 
" style="fill:none;stroke:#000000;stroke-linecap:square;stroke-linejoin:miter;stroke-width:0.8;"/>
   </g>
   <g id="text_2">
    <!-- 80m Band -->
    <defs>
     <path d="M 31.78125 34.625 
Q 24.75 34.625 20.71875 30.859375 
Q 16.703125 27.09375 16.703125 20.515625 
Q 16.703125 13.921875 20.71875 10.15625 
Q 24.75 6.390625 31.78125 6.390625 
Q 38.8125 6.390625 42.859375 10.171875 
Q 46.921875 13.96875 46.921875 20.515625 
Q 46.921875 27.09375 42.890625 30.859375 
Q 38.875 34.625 31.78125 34.625 
z
M 21.921875 38.8125 
Q 15.578125 40.375 12.03125 44.71875 
Q 8.5 49.078125 8.5 55.328125 
Q 8.5 64.0625 14.71875 69.140625 
Q 20.953125 74.21875 31.78125 74.21875 
Q 42.671875 74.21875 48.875 69.140625 
Q 55.078125 64.0625 55.078125 55.328125 
Q 55.078125 49.078125 51.53125 44.71875 
Q 48 40.375 41.703125 38.8125 
Q 48.828125 37.15625 52.796875 32.3125 
Q 56.78125 27.484375 56.78125 20.515625 
Q 56.78125 9.90625 50.3125 4.234375 
Q 43.84375 -1.421875 31.78125 -1.421875 
Q 19.734375 -1.421875 13.25 4.234375 
Q 6.78125 9.90625 6.78125 20.515625 
Q 6.78125 27.484375 10.78125 32.3125 
Q 14.796875 37.15625 21.921875 38.8125 
z
M 18.3125 54.390625 
Q 18.3125 48.734375 21.84375 45.5625 
Q 25.390625 42.390625 31.78125 42.390625 
Q 38.140625 42.390625 41.71875 45.5625 
Q 45.3125 48.734375 45.3125 54.390625 
Q 45.3125 60.0625 41.71875 63.234375 
Q 38.140625 66.40625 31.78125 66.40625 
Q 25.390625 66.40625 21.84375 63.234375 
Q 18.3125 60.0625 18.3125 54.390625 
z
" id="DejaVuSans-56"/>
    </defs>
    <g transform="translate(187.36875 16.983686)scale(0.12 -0.12)">
     <use xlink:href="#DejaVuSans-56"/>
     <use x="63.623047" xlink:href="#DejaVuSans-48"/>
     <use x="127.246094" xlink:href="#DejaVuSans-109"/>
     <use x="224.658203" xlink:href="#DejaVuSans-32"/>
     <use x="256.445312" xlink:href="#DejaVuSans-66"/>
     <use x="325.048828" xlink:href="#DejaVuSans-97"/>
     <use x="386.328125" xlink:href="#DejaVuSans-110"/>
     <use x="449.707031" xlink:href="#DejaVuSans-100"/>
    </g>
   </g>
  </g>
  <g id="axes_3">
   <g id="patch_6">
    <path d="M 414.482317 82.914235 
C 414.482317 75.759683 413.073026 68.674699 410.335097 62.064755 
C 407.597169 55.45481 403.583848 49.448452 398.524816 44.389419 
C 393.465783 39.330387 387.459424 35.317066 380.84948 32.579138 
C 374.239536 29.841209 367.154552 28.431918 360 28.431918 
C 352.845448 28.431918 345.760464 29.841209 339.15052 32.579138 
C 332.540576 35.317066 326.534217 39.330387 321.475184 44.389419 
C 316.416152 49.448452 312.402831 55.45481 309.664903 62.064755 
C 306.926974 68.674699 305.517683 75.759683 305.517683 82.914235 
C 305.517683 90.068787 306.926974 97.15377 309.664903 103.763715 
C 312.402831 110.373659 316.416152 116.380018 321.475184 121.439051 
C 326.534217 126.498083 332.540576 130.511404 339.15052 133.249332 
C 345.760464 135.987261 352.845448 137.396552 360 137.396552 
C 367.154552 137.396552 374.239536 135.987261 380.84948 133.249332 
C 387.459424 130.511404 393.465783 126.498083 398.524816 121.439051 
C 403.583848 116.380018 407.597169 110.373659 410.335097 103.763715 
C 413.073026 97.15377 414.482317 90.068787 414.482317 82.914235 
M 360 82.914235 
C 360 82.914235 360 82.914235 360 82.914235 
C 360 82.914235 360 82.914235 360 82.914235 
C 360 82.914235 360 82.914235 360 82.914235 
C 360 82.914235 360 82.914235 360 82.914235 
C 360 82.914235 360 82.914235 360 82.914235 
C 360 82.914235 360 82.914235 360 82.914235 
C 360 82.914235 360 82.914235 360 82.914235 
C 360 82.914235 360 82.914235 360 82.914235 
C 360 82.914235 360 82.914235 360 82.914235 
C 360 82.914235 360 82.914235 360 82.914235 
C 360 82.914235 360 82.914235 360 82.914235 
C 360 82.914235 360 82.914235 360 82.914235 
C 360 82.914235 360 82.914235 360 82.914235 
C 360 82.914235 360 82.914235 360 82.914235 
C 360 82.914235 360 82.914235 360 82.914235 
C 360 82.914235 360 82.914235 360 82.914235 
M 414.482317 82.914235 
z
" style="fill:#ffffff;"/>
   </g>
   <g id="matplotlib.axis_5">
    <g id="xtick_17">
     <g id="line2d_19">
      <path clip-path="url(#p52d0bb0cc8)" d="M 360 82.914235 
L 360 28.431918 
" style="fill:none;stroke:#b0b0b0;stroke-linecap:square;stroke-width:0.8;"/>
     </g>
    </g>
    <g id="xtick_18">
     <g id="line2d_20">
      <path clip-path="url(#p52d0bb0cc8)" d="M 360 82.914235 
L 398.524816 44.389419 
" style="fill:none;stroke:#b0b0b0;stroke-linecap:square;stroke-width:0.8;"/>
     </g>
    </g>
    <g id="xtick_19">
     <g id="line2d_21">
      <path clip-path="url(#p52d0bb0cc8)" d="M 360 82.914235 
L 414.482317 82.914235 
" style="fill:none;stroke:#b0b0b0;stroke-linecap:square;stroke-width:0.8;"/>
     </g>
    </g>
    <g id="xtick_20">
     <g id="line2d_22">
      <path clip-path="url(#p52d0bb0cc8)" d="M 360 82.914235 
L 398.524816 121.439051 
" style="fill:none;stroke:#b0b0b0;stroke-linecap:square;stroke-width:0.8;"/>
     </g>
    </g>
    <g id="xtick_21">
     <g id="line2d_23">
      <path clip-path="url(#p52d0bb0cc8)" d="M 360 82.914235 
L 360 137.396552 
" style="fill:none;stroke:#b0b0b0;stroke-linecap:square;stroke-width:0.8;"/>
     </g>
    </g>
    <g id="xtick_22">
     <g id="line2d_24">
      <path clip-path="url(#p52d0bb0cc8)" d="M 360 82.914235 
L 321.475184 121.439051 
" style="fill:none;stroke:#b0b0b0;stroke-linecap:square;stroke-width:0.8;"/>
     </g>
    </g>
    <g id="xtick_23">
     <g id="line2d_25">
      <path clip-path="url(#p52d0bb0cc8)" d="M 360 82.914235 
L 305.517683 82.914235 
" style="fill:none;stroke:#b0b0b0;stroke-linecap:square;stroke-width:0.8;"/>
     </g>
    </g>
    <g id="xtick_24">
     <g id="line2d_26">
      <path clip-path="url(#p52d0bb0cc8)" d="M 360 82.914235 
L 321.475184 44.389419 
" style="fill:none;stroke:#b0b0b0;stroke-linecap:square;stroke-width:0.8;"/>
     </g>
    </g>
   </g>
   <g id="matplotlib.axis_6"/>
   <g id="line2d_27">
    <defs>
     <path d="M 0 1.5 
C 0.397805 1.5 0.77937 1.341951 1.06066 1.06066 
C 1.341951 0.77937 1.5 0.397805 1.5 0 
C 1.5 -0.397805 1.341951 -0.77937 1.06066 -1.06066 
C 0.77937 -1.341951 0.397805 -1.5 0 -1.5 
C -0.397805 -1.5 -0.77937 -1.341951 -1.06066 -1.06066 
C -1.341951 -0.77937 -1.5 -0.397805 -1.5 0 
C -1.5 0.397805 -1.341951 0.77937 -1.06066 1.06066 
C -0.77937 1.341951 -0.397805 1.5 0 1.5 
z
" id="md876357d84" style="stroke:#ff0000;"/>
    </defs>
    <g clip-path="url(#p52d0bb0cc8)">
     <use style="fill:#ff0000;stroke:#ff0000;" x="362.140145" xlink:href="#md876357d84" y="81.162432"/>
     <use style="fill:#ff0000;stroke:#ff0000;" x="367.434583" xlink:href="#md876357d84" y="80.045491"/>
     <use style="fill:#ff0000;stroke:#ff0000;" x="370.022682" xlink:href="#md876357d84" y="80.06622"/>
     <use style="fill:#ff0000;stroke:#ff0000;" x="371.042857" xlink:href="#md876357d84" y="85.090733"/>
     <use style="fill:#ff0000;stroke:#ff0000;" x="359.911743" xlink:href="#md876357d84" y="80.434562"/>
     <use style="fill:#ff0000;stroke:#ff0000;" x="368.358728" xlink:href="#md876357d84" y="81.587555"/>
     <use style="fill:#ff0000;stroke:#ff0000;" x="367.457019" xlink:href="#md876357d84" y="81.058681"/>
     <use style="fill:#ff0000;stroke:#ff0000;" x="365.652312" xlink:href="#md876357d84" y="78.599172"/>
     <use style="fill:#ff0000;stroke:#ff0000;" x="367.394238" xlink:href="#md876357d84" y="80.887725"/>
     <use style="fill:#ff0000;stroke:#ff0000;" x="370.107576" xlink:href="#md876357d84" y="79.681307"/>
     <use style="fill:#ff0000;stroke:#ff0000;" x="360.962124" xlink:href="#md876357d84" y="84.026122"/>
     <use style="fill:#ff0000;stroke:#ff0000;" x="363.797952" xlink:href="#md876357d84" y="83.466056"/>
     <use style="fill:#ff0000;stroke:#ff0000;" x="367.431563" xlink:href="#md876357d84" y="79.849041"/>
     <use style="fill:#ff0000;stroke:#ff0000;" x="363.569938" xlink:href="#md876357d84" y="78.856668"/>
     <use style="fill:#ff0000;stroke:#ff0000;" x="376.519392" xlink:href="#md876357d84" y="86.914059"/>
     <use style="fill:#ff0000;stroke:#ff0000;" x="364.038638" xlink:href="#md876357d84" y="81.928118"/>
     <use style="fill:#ff0000;stroke:#ff0000;" x="363.587423" xlink:href="#md876357d84" y="82.292467"/>
     <use style="fill:#ff0000;stroke:#ff0000;" x="324.801949" xlink:href="#md876357d84" y="68.518309"/>
     <use style="fill:#ff0000;stroke:#ff0000;" x="340.65834" xlink:href="#md876357d84" y="69.216318"/>
     <use style="fill:#ff0000;stroke:#ff0000;" x="368.688741" xlink:href="#md876357d84" y="81.106955"/>
     <use style="fill:#ff0000;stroke:#ff0000;" x="369.758033" xlink:href="#md876357d84" y="80.985336"/>
     <use style="fill:#ff0000;stroke:#ff0000;" x="366.079236" xlink:href="#md876357d84" y="83.708493"/>
     <use style="fill:#ff0000;stroke:#ff0000;" x="366.079236" xlink:href="#md876357d84" y="83.708493"/>
     <use style="fill:#ff0000;stroke:#ff0000;" x="370.749239" xlink:href="#md876357d84" y="78.191302"/>
     <use style="fill:#ff0000;stroke:#ff0000;" x="367.666216" xlink:href="#md876357d84" y="80.218406"/>
     <use style="fill:#ff0000;stroke:#ff0000;" x="372.848985" xlink:href="#md876357d84" y="85.167862"/>
     <use style="fill:#ff0000;stroke:#ff0000;" x="366.143194" xlink:href="#md876357d84" y="79.741281"/>
     <use style="fill:#ff0000;stroke:#ff0000;" x="361.869855" xlink:href="#md876357d84" y="83.531934"/>
     <use style="fill:#ff0000;stroke:#ff0000;" x="362.570825" xlink:href="#md876357d84" y="83.897825"/>
     <use style="fill:#ff0000;stroke:#ff0000;" x="361.222149" xlink:href="#md876357d84" y="84.179579"/>
     <use style="fill:#ff0000;stroke:#ff0000;" x="366.359075" xlink:href="#md876357d84" y="83.434703"/>
     <use style="fill:#ff0000;stroke:#ff0000;" x="366.359075" xlink:href="#md876357d84" y="83.434703"/>
     <use style="fill:#ff0000;stroke:#ff0000;" x="361.338734" xlink:href="#md876357d84" y="84.364391"/>
     <use style="fill:#ff0000;stroke:#ff0000;" x="367.824735" xlink:href="#md876357d84" y="81.476467"/>
     <use style="fill:#ff0000;stroke:#ff0000;" x="370.987581" xlink:href="#md876357d84" y="83.620265"/>
     <use style="fill:#ff0000;stroke:#ff0000;" x="359.948739" xlink:href="#md876357d84" y="79.882038"/>
     <use style="fill:#ff0000;stroke:#ff0000;" x="366.300799" xlink:href="#md876357d84" y="83.544082"/>
     <use style="fill:#ff0000;stroke:#ff0000;" x="365.372608" xlink:href="#md876357d84" y="81.268904"/>
     <use style="fill:#ff0000;stroke:#ff0000;" x="368.678443" xlink:href="#md876357d84" y="83.455245"/>
     <use style="fill:#ff0000;stroke:#ff0000;" x="359.822501" xlink:href="#md876357d84" y="80.549045"/>
     <use style="fill:#ff0000;stroke:#ff0000;" x="364.052794" xlink:href="#md876357d84" y="82.21"/>
     <use style="fill:#ff0000;stroke:#ff0000;" x="364.053144" xlink:href="#md876357d84" y="82.093504"/>
     <use style="fill:#ff0000;stroke:#ff0000;" x="368.170977" xlink:href="#md876357d84" y="80.530818"/>
     <use style="fill:#ff0000;stroke:#ff0000;" x="362.126425" xlink:href="#md876357d84" y="82.953045"/>
     <use style="fill:#ff0000;stroke:#ff0000;" x="365.53983" xlink:href="#md876357d84" y="81.582428"/>
     <use style="fill:#ff0000;stroke:#ff0000;" x="367.242752" xlink:href="#md876357d84" y="82.483373"/>
     <use style="fill:#ff0000;stroke:#ff0000;" x="370.939891" xlink:href="#md876357d84" y="77.582689"/>
     <use style="fill:#ff0000;stroke:#ff0000;" x="362.12053" xlink:href="#md876357d84" y="77.649453"/>
     <use style="fill:#ff0000;stroke:#ff0000;" x="370.725264" xlink:href="#md876357d84" y="78.191142"/>
     <use style="fill:#ff0000;stroke:#ff0000;" x="366.189781" xlink:href="#md876357d84" y="81.66443"/>
     <use style="fill:#ff0000;stroke:#ff0000;" x="368.765314" xlink:href="#md876357d84" y="79.983465"/>
     <use style="fill:#ff0000;stroke:#ff0000;" x="368.95821" xlink:href="#md876357d84" y="78.977809"/>
     <use style="fill:#ff0000;stroke:#ff0000;" x="365.17219" xlink:href="#md876357d84" y="79.337512"/>
     <use style="fill:#ff0000;stroke:#ff0000;" x="362.393115" xlink:href="#md876357d84" y="81.910673"/>
     <use style="fill:#ff0000;stroke:#ff0000;" x="368.502236" xlink:href="#md876357d84" y="82.136309"/>
     <use style="fill:#ff0000;stroke:#ff0000;" x="369.167324" xlink:href="#md876357d84" y="79.633163"/>
     <use style="fill:#ff0000;stroke:#ff0000;" x="366.705788" xlink:href="#md876357d84" y="80.394233"/>
